	ACACA	ACER2	ACOX3	ACSBG1	ACSL6	ADH1C	AEBP2	AFF1	AGPAT1	AKR1A1	AKR1B1	AR	ARID3A	ARNT	ATF2	ATF3	ATF4	B4GALT6	BCL11A	CBFA2T2	CBR1	CBX1	CBX2	CC2D1A	CERK	CERS2	CERS4	CERS5	CHAT	CHD1	CKB	CPS1	CPT1A	CPT1C	CREB1	CREM	CSDE1	CYP2J2	CYP3A5	CYP46A1	CYP7A1	DDX20	DGKB	DGKH	DGKI	DHRS11	DRAP1	E2F8	E4F1	EBF1	ECHS1	ECI1	EGR1	EGR2	ELF1	ELF4	ELOVL2	ENPP6	ETS1	FOXA3	FOXP1	GABPA	GABPB1	GATA3	GATAD1	GBA2	GCDH	GDPD1	GLA	GMEB2	GNPAT	GPAM	GPD1L	GPX8	GTF2A2	HACD3	HADH	HDAC1	HHEX	HMG20A	HMGCLL1	HNF4G	HNRNPH1	IKZF1	IKZF2	JUND	KAT2B	KDM5A	KLF5	KLF6	LBR	LCAT	LPCAT4	LPIN2	LPL	MIER1	MIER3	MTA1	NCOA3	NEU4	NFATC1	NFATC3	NFRKB	NFXL1	NR2C1	PBX2	PHF8	PLA2G3	PLA2G4A	PLA2G4F	PLD1	PLD3	POLR3G	PRDM1	PRXL2B	PSD	PTBP1	PTDSS2	PTGIS	PTGS1	RARA	RBM39	RERE	REST	RFX5	SOX6	SPTLC3	SRD5A1	SRF	STAT5A	TAF7	TAL1	TARDBP	TBL1XR1	TCF7L2	TEAD1	TEAD2	TEAD3	TFE3	TGIF2	TRIM22	UGCG	UGT2B15	UGT2B4	UGT2B7	YY2	ZBTB1	ZBTB11	ZBTB44	ZC3H11A	ZFHX2	ZHX1	ZMYM3	ZNF114	ZNF121	ZNF133	ZNF140	ZNF143	ZNF146	ZNF157	ZNF217	ZNF23	ZNF26	ZNF280C	ZNF335	ZNF433	ZNF48	ZNF511	ZNF513	ZNF547	ZNF560	ZNF561	ZNF580	ZNF670	ZNF692	ZNF768	ZNF785	ZSCAN4	ZZZ3
AEBP2	0	0	0	0	0	0	0	0	0	0	0	1	2	2	1	2	2	2	0	2	0	2	0	2	0	0	0	2	0	2	0	0	0	2	2	2	0	0	0	0	0	0	0	0	0	0	0	0	2	2	0	0	0	0	2	0	0	0	0	0	0	0	0	0	0	0	2	2	0	2	2	0	0	1	0	2	0	2	0	0	0	0	0	0	0	0	1	2	1	0	2	0	0	0	0	0	0	1	0	0	0	1	0	0	2	2	2	0	0	0	1	2	0	0	0	2	2	0	1	0	2	2	1	0	0	0	0	0	1	2	0	0	0	0	0	0	0	0	0	0	0	0	0	0	0	2	0	0	0	2	2	0	0	0	2	0	0	0	2	0	2	0	0	0	2	0	2	0	0	2	0	2	0	0	0	2	2	2	0	
AFF1	2	2	2	0	2	0	0	2	2	2	2	0	2	2	2	2	2	2	0	2	0	2	1	2	2	2	2	2	1	2	2	0	0	2	1	2	2	0	2	2	0	2	0	2	2	2	2	2	2	2	2	2	2	1	2	2	2	2	0	2	1	2	2	1	2	2	2	2	2	2	2	0	1	2	2	2	1	2	2	2	0	0	2	2	0	2	2	2	0	2	2	2	0	2	0	2	2	0	2	2	1	2	2	2	2	2	2	0	0	1	2	2	0	2	2	2	2	2	2	1	2	2	2	2	2	2	0	0	2	2	2	2	2	2	2	2	2	2	2	2	2	2	0	0	0	0	2	2	0	2	2	2	2	2	2	2	2	2	2	0	2	2	2	2	2	2	2	2	2	2	2	2	2	2	2	2	2	2	2	
ARID3A	2	2	2	2	2	1	1	2	2	2	2	1	2	2	2	2	2	2	2	2	2	2	2	2	1	2	2	2	0	2	2	1	2	2	2	2	2	1	2	0	2	2	2	2	2	2	2	2	2	2	2	2	2	2	2	2	2	2	2	2	2	2	2	2	2	2	2	2	2	2	2	2	1	2	2	2	2	2	2	2	1	2	2	2	2	2	2	2	2	2	2	2	2	2	2	2	2	2	2	2	2	2	2	2	2	2	2	2	1	2	2	2	0	2	2	2	2	1	2	0	2	2	2	2	2	2	1	2	2	2	2	2	2	2	2	2	2	2	2	2	2	2	2	3	2	2	2	2	2	2	2	2	2	2	2	2	2	2	2	0	2	2	2	2	2	2	2	2	2	2	0	2	2	2	2	2	2	2	2	
ARNT	2	2	2	2	2	0	1	2	2	2	2	2	2	2	2	2	2	2	2	2	1	2	2	1	2	2	2	2	1	2	2	0	0	2	2	2	2	1	2	2	0	2	1	2	2	2	2	0	2	2	2	2	2	2	2	2	2	2	2	2	2	2	2	2	2	2	2	2	2	2	2	2	1	2	2	2	2	2	2	2	1	0	2	2	2	2	2	2	2	2	2	2	2	2	2	2	2	2	2	2	2	2	2	2	2	2	2	2	0	2	2	2	0	2	2	2	2	2	2	1	2	2	2	0	2	2	0	2	2	2	2	2	2	2	2	2	2	2	2	2	2	2	0	1	2	2	2	2	0	2	2	2	2	2	2	2	2	2	2	2	2	2	2	2	2	2	2	2	2	2	0	2	2	0	2	2	2	2	2	
ATF2	2	2	2	2	1	1	2	2	2	2	2	2	2	2	2	2	2	2	2	2	2	2	2	2	2	2	2	2	0	2	2	1	0	2	2	2	2	2	2	2	0	2	2	2	2	2	2	1	2	2	2	2	0	2	2	2	2	2	2	2	2	2	2	2	2	2	2	2	2	2	2	2	1	2	1	2	1	2	2	2	2	1	2	2	2	2	2	2	2	2	2	2	0	2	2	2	2	2	2	2	2	2	2	2	2	2	2	2	1	2	2	2	0	2	0	2	2	0	2	1	2	2	2	2	2	2	2	1	2	2	2	2	2	2	1	2	2	2	2	2	2	2	2	0	2	2	2	2	2	2	2	2	2	2	2	2	2	2	2	2	2	2	2	2	2	2	2	2	2	2	2	2	2	2	2	2	2	2	2	
ATF3	2	2	2	2	2	2	2	2	2	2	2	2	2	2	2	2	2	2	2	2	2	2	2	2	2	2	2	2	1	2	2	2	2	2	2	2	2	0	2	2	2	2	2	2	2	2	2	2	2	2	2	2	2	2	2	2	2	2	2	2	2	2	2	1	2	2	2	2	2	2	1	2	2	2	1	2	2	2	2	2	0	1	2	2	1	2	2	2	1	2	2	2	0	2	1	2	2	2	2	2	2	2	2	2	2	2	2	2	1	2	2	2	0	2	0	2	2	2	2	1	2	2	2	2	2	2	0	1	2	2	2	2	2	2	2	2	2	2	2	2	2	2	2	2	2	1	2	2	1	2	2	2	2	2	2	2	2	2	2	2	2	2	2	2	2	2	2	2	2	2	2	2	2	2	2	2	2	2	1	
ATF4	2	2	2	1	1	0	0	2	2	2	2	1	2	2	2	2	2	1	1	2	2	2	2	2	1	0	1	2	1	2	2	1	0	2	2	2	2	0	2	2	0	2	0	1	2	2	2	1	2	2	0	2	1	1	2	2	2	2	2	2	2	1	2	2	2	2	2	2	2	2	0	2	2	2	2	2	2	2	2	2	0	0	2	2	0	2	1	2	1	2	2	2	0	2	2	2	2	2	2	0	1	2	1	2	1	2	2	2	0	1	2	2	0	2	0	2	2	2	2	1	2	2	2	2	2	2	0	2	2	2	2	2	2	2	1	2	2	2	2	2	2	2	1	0	2	1	2	2	2	2	2	1	2	2	2	2	2	2	2	2	2	2	2	2	2	2	2	2	2	2	0	2	2	0	2	2	2	2	2	
BCL11A	2	1	2	1	1	1	1	2	2	2	0	0	2	2	2	2	2	2	2	2	2	2	2	2	2	2	2	2	1	2	2	2	2	2	2	2	2	2	2	2	0	2	0	2	2	2	2	2	2	2	2	2	2	2	2	2	2	2	2	2	2	2	2	2	2	2	2	1	2	2	2	1	1	1	2	2	2	2	2	2	1	0	2	2	1	2	2	2	1	2	2	2	0	2	0	2	2	2	2	2	2	2	2	2	2	2	2	2	1	2	2	2	0	2	2	2	2	2	2	1	2	2	2	2	2	2	2	2	2	2	2	1	2	2	2	1	2	2	2	2	0	2	0	0	0	1	2	2	1	2	2	2	2	2	2	2	2	2	2	2	2	2	2	2	2	2	2	2	2	2	0	2	2	0	2	2	2	2	2	
CBFA2T2	1	2	2	2	2	0	1	2	2	2	2	2	2	2	1	2	2	2	1	2	1	2	0	0	2	2	2	2	1	1	1	0	2	2	2	2	2	1	2	2	0	2	0	2	2	2	2	2	2	2	2	2	1	2	2	2	1	2	2	2	2	0	1	1	2	2	2	1	2	2	1	1	1	2	1	2	2	2	2	2	0	0	2	2	1	2	2	1	1	2	2	2	0	2	0	2	2	2	2	1	2	2	1	1	1	2	2	1	0	1	2	2	0	2	2	2	2	2	2	1	2	2	2	0	2	2	0	2	2	2	2	2	2	1	1	2	2	2	2	2	2	2	2	1	2	1	2	2	1	2	2	1	0	2	2	2	2	2	2	0	2	2	2	2	2	2	1	2	2	2	0	2	2	1	2	2	2	2	2	
CBX1	2	2	1	0	1	0	0	2	0	2	0	0	2	2	2	2	2	2	0	2	2	2	2	2	2	2	2	2	0	0	2	0	2	2	2	2	2	0	2	2	0	2	0	2	2	2	2	2	2	1	2	2	2	2	2	2	2	1	0	2	2	2	2	2	2	2	2	2	0	2	2	2	0	2	2	2	2	2	0	2	0	0	2	2	0	2	2	0	0	2	2	2	2	2	0	2	2	2	2	1	2	2	2	2	2	2	2	2	0	0	2	2	0	1	2	2	2	2	2	0	2	2	2	2	2	0	0	2	2	2	2	2	2	1	0	2	2	2	2	2	2	2	0	0	0	2	0	2	2	2	0	2	0	2	2	2	2	2	2	0	1	2	2	2	2	2	2	2	2	2	2	2	2	2	2	2	2	2	2	
CBX2	2	0	0	0	0	0	0	0	0	2	0	0	0	0	2	2	0	2	2	2	0	1	2	0	0	0	0	0	0	2	0	0	2	0	2	0	0	0	0	0	0	0	0	2	0	0	2	0	2	2	0	0	0	0	0	0	0	0	0	0	0	0	0	2	2	0	0	0	0	2	0	0	0	2	0	0	0	0	0	0	0	0	0	0	2	0	0	0	2	0	0	0	0	2	0	0	0	0	2	0	0	0	0	0	0	0	0	0	0	0	0	0	0	2	0	0	0	0	1	0	0	2	0	0	0	2	2	0	0	2	2	2	2	0	0	0	0	0	0	0	0	0	0	0	0	0	2	0	0	2	0	0	0	0	0	2	0	0	0	0	2	0	0	0	2	0	0	0	2	0	0	0	0	0	0	2	2	0	0	
CC2D1A	1	2	1	1	2	1	0	2	2	2	2	2	2	2	2	2	2	1	0	2	2	2	1	2	2	2	2	2	1	2	1	0	0	2	2	2	2	1	2	1	0	2	1	2	2	0	2	2	2	2	2	2	1	2	2	2	2	1	0	2	2	2	2	0	2	2	2	2	2	2	2	0	1	2	0	2	1	2	1	2	0	0	2	2	0	2	2	2	0	2	2	2	2	2	0	2	2	2	2	0	1	2	2	2	2	2	1	2	0	1	2	2	0	2	2	2	2	2	1	1	2	2	2	2	2	2	0	2	2	2	2	2	2	1	1	2	2	2	0	2	2	2	0	1	1	0	2	2	1	2	2	2	2	2	2	2	2	2	2	0	2	2	2	2	2	2	2	2	2	2	2	2	2	2	2	2	2	2	2	
CHD1	2	2	2	2	0	0	2	2	2	2	0	0	2	2	2	2	2	2	0	2	2	2	2	2	2	2	0	2	0	2	2	0	0	2	2	2	2	0	0	2	0	2	0	2	2	2	2	0	2	2	2	2	2	0	2	2	2	0	2	2	2	2	2	2	2	2	2	2	2	2	2	0	0	2	2	2	0	2	2	2	2	0	2	0	1	2	2	2	0	2	2	2	0	2	0	2	2	2	2	2	2	2	2	2	2	2	2	2	1	2	2	2	0	2	2	2	2	2	2	1	2	2	2	2	2	2	1	2	2	2	2	2	2	2	2	2	2	2	2	2	2	2	0	0	0	2	2	2	2	2	2	2	2	2	2	2	2	2	2	2	2	2	2	2	2	2	2	2	2	2	0	2	2	2	2	2	2	2	2	
CREB1	2	2	2	2	1	1	2	2	2	2	2	2	2	2	2	2	2	2	2	2	2	2	2	2	2	2	2	2	1	2	2	2	2	2	2	2	2	2	2	2	2	2	1	1	2	2	2	2	2	2	2	2	2	2	2	2	2	2	1	2	2	2	2	2	2	2	2	2	2	2	2	2	2	2	2	2	2	2	2	2	1	1	2	2	2	2	2	2	2	2	2	2	0	2	2	2	2	2	2	2	2	2	2	2	2	2	2	2	1	2	2	2	0	2	2	2	2	2	2	1	2	2	2	2	2	2	2	2	2	2	2	2	2	2	2	2	2	2	2	2	2	2	2	0	2	1	2	2	2	2	2	2	2	2	2	2	2	2	2	2	2	2	2	2	2	2	2	2	2	2	2	2	2	2	2	2	2	2	2	
CREM	2	2	2	2	2	1	2	2	2	2	2	2	2	2	2	2	2	2	2	2	2	2	2	2	2	2	2	2	1	2	2	2	2	2	2	2	2	1	2	2	2	2	1	2	2	2	2	2	2	2	2	2	2	2	2	2	2	2	2	2	2	2	2	2	2	2	2	2	2	2	2	2	2	2	2	2	2	2	2	2	1	2	2	2	2	2	2	2	2	2	2	2	2	2	2	2	2	2	2	2	2	2	2	2	2	2	2	2	1	2	2	2	0	2	2	2	2	2	2	1	2	2	2	2	2	2	2	2	2	2	2	2	2	2	2	2	2	2	2	2	2	2	2	0	2	2	2	2	2	2	2	2	2	2	2	2	2	2	2	2	2	2	2	2	2	2	2	2	2	2	2	2	2	2	2	2	2	2	2	
CSDE1	1	0	2	0	0	0	0	2	2	2	2	0	2	2	2	2	0	0	0	2	2	2	2	0	0	0	0	2	0	2	2	0	0	2	2	2	2	0	2	2	2	2	0	0	2	0	2	2	2	2	2	2	0	2	2	0	2	1	0	2	1	2	2	0	2	2	2	2	2	2	0	2	0	2	0	2	0	2	2	2	0	0	2	0	0	2	2	0	0	2	2	2	0	2	2	2	2	2	2	0	2	2	2	2	2	2	2	0	0	2	2	2	0	2	2	1	2	0	2	1	2	2	2	0	2	2	0	2	2	2	2	2	2	1	0	2	2	2	0	2	0	0	0	0	0	0	0	2	0	2	2	2	2	2	2	2	2	2	2	2	2	2	2	0	2	2	2	2	2	2	2	2	2	0	2	2	2	2	0	
DDX20	0	0	1	0	2	0	0	2	2	2	0	0	2	2	2	2	2	0	0	2	2	2	2	2	2	2	2	2	1	2	2	0	2	2	2	1	2	0	2	0	0	2	0	0	2	2	2	2	2	2	2	2	2	0	2	0	2	1	0	2	0	2	2	2	2	2	2	2	2	2	2	0	1	2	2	2	1	2	1	2	0	0	2	1	0	2	2	1	2	2	2	2	0	2	2	2	2	2	2	0	1	2	0	2	2	2	0	0	0	2	1	2	0	1	0	2	2	2	2	1	2	2	2	0	2	2	0	0	2	2	2	2	2	1	0	2	2	2	2	2	0	1	0	0	0	0	2	2	0	2	2	2	2	2	2	2	2	2	2	2	2	2	2	1	2	2	2	0	2	2	0	2	2	2	2	2	2	2	2	
DRAP1	2	2	2	0	2	1	2	2	2	2	2	0	2	2	2	2	2	2	1	2	2	2	2	2	2	2	2	2	0	2	2	2	2	2	2	2	2	2	2	2	0	2	0	0	2	2	2	0	2	2	2	2	2	2	2	2	2	2	0	2	2	2	2	2	2	2	2	2	2	2	2	2	1	2	2	2	2	2	2	2	0	2	2	2	0	2	2	2	2	2	2	2	0	2	2	2	2	2	2	2	2	2	2	2	2	2	2	2	0	2	2	2	0	2	2	2	2	2	2	0	2	2	2	2	2	2	1	2	2	2	2	2	2	1	2	2	2	2	2	2	2	1	2	0	2	2	2	2	2	2	2	2	2	2	2	2	2	2	2	2	2	2	2	2	2	2	2	2	2	2	2	2	2	2	2	2	2	2	2	
E2F8	0	0	0	0	0	0	0	0	2	0	0	0	0	2	0	0	0	0	0	2	0	2	0	0	0	2	0	2	0	0	0	0	0	2	0	0	0	0	0	0	0	2	0	2	2	0	2	2	2	0	0	2	0	0	2	0	0	0	0	0	0	0	2	2	2	0	2	2	0	2	0	0	0	0	0	2	0	0	0	2	0	0	0	0	0	2	0	0	0	0	0	0	0	0	0	0	0	2	1	0	0	2	0	0	0	2	0	0	0	0	0	0	0	0	0	0	0	0	2	0	2	0	0	0	2	0	0	0	0	2	0	0	2	0	2	0	2	2	0	0	0	1	0	0	0	0	2	2	0	2	0	2	0	2	2	2	2	2	2	0	0	2	2	0	2	2	2	0	2	0	0	2	2	0	0	2	2	2	0	
E4F1	0	0	0	2	0	0	0	2	2	0	0	0	0	2	0	0	2	0	0	2	0	2	0	0	0	0	0	2	0	0	2	0	0	1	0	0	0	0	2	0	0	2	0	0	0	0	2	0	2	2	2	2	0	0	0	0	0	0	0	2	0	0	2	2	2	2	2	2	0	2	2	0	0	0	0	2	0	0	0	0	0	0	2	0	0	2	2	1	0	2	0	2	0	0	2	0	0	2	1	2	0	2	0	2	0	2	0	0	0	0	0	0	0	0	0	2	0	0	1	0	2	2	2	0	2	0	0	0	2	2	0	0	2	0	0	0	0	2	0	2	0	0	0	0	0	0	1	0	0	2	2	2	0	2	2	2	2	2	2	1	1	0	2	0	2	0	2	2	2	0	0	2	2	0	2	2	2	0	1	
EBF1	2	2	2	2	1	0	1	2	2	2	2	1	2	2	2	2	2	2	2	2	1	2	2	2	2	2	1	2	0	2	2	0	2	2	2	2	0	2	2	2	0	2	0	2	2	2	2	1	2	2	2	2	2	2	2	2	1	2	2	2	2	2	2	2	2	2	2	0	2	2	1	2	2	2	2	2	2	2	2	2	0	1	2	2	2	2	2	2	2	2	2	2	2	2	0	2	2	2	2	2	2	2	2	2	2	2	2	2	1	2	2	2	0	2	2	2	2	2	2	2	2	2	2	2	2	2	0	2	2	2	2	0	2	2	2	1	2	2	2	2	2	2	0	0	0	2	2	2	2	2	2	1	2	2	2	2	2	2	2	2	2	2	2	2	2	2	2	2	2	2	0	2	2	0	2	2	2	2	2	
EGR1	2	2	2	2	2	2	2	2	2	2	2	2	2	2	2	2	2	2	2	2	2	2	2	2	2	2	2	2	1	2	2	2	2	2	2	2	2	2	2	2	2	2	2	2	2	2	2	0	2	2	2	2	2	2	2	2	2	2	2	2	2	2	2	2	2	2	2	2	2	2	2	2	1	2	2	2	2	2	2	2	0	2	2	2	0	2	2	2	2	2	2	2	2	2	2	2	2	2	2	2	2	2	2	2	2	2	2	2	1	2	2	2	0	2	2	2	2	2	2	2	2	2	2	2	2	2	2	2	2	2	2	2	2	2	2	2	2	2	2	2	2	2	1	0	2	2	2	2	1	2	2	2	2	2	2	2	2	2	2	2	2	2	2	2	2	2	2	2	2	2	0	2	2	2	2	2	2	2	2	
EGR2	2	2	2	2	2	0	2	2	2	2	2	1	2	2	2	2	2	2	2	2	2	2	2	2	2	2	2	2	1	2	2	2	1	2	2	2	2	2	2	2	0	2	2	2	2	2	2	0	2	2	2	2	2	2	2	2	1	2	1	2	2	2	2	2	2	2	2	2	2	2	2	2	1	2	2	2	2	2	2	2	0	2	2	2	0	2	2	2	2	2	2	2	2	2	2	2	2	2	2	2	2	2	2	2	2	2	2	2	0	2	2	2	0	2	2	2	2	2	2	1	2	2	2	2	2	2	2	2	2	2	2	2	2	2	2	2	2	2	2	2	0	2	0	0	0	2	2	2	2	2	2	2	2	2	2	2	2	2	2	2	2	2	2	2	2	2	2	2	2	2	2	2	2	0	0	2	2	2	2	
ELF1	2	2	2	2	2	0	2	2	2	2	2	0	2	2	2	2	2	2	2	2	2	2	2	2	2	2	2	2	1	2	2	2	2	2	2	2	2	1	2	2	2	2	2	2	2	2	2	2	2	2	2	2	2	2	2	2	2	2	2	2	2	2	2	2	2	2	2	2	2	2	2	2	2	2	2	2	2	2	2	2	1	2	2	2	2	2	2	2	2	2	2	2	2	2	2	2	2	2	2	2	2	2	2	2	2	2	2	2	1	2	2	2	0	2	2	2	2	2	2	1	2	2	2	2	2	2	2	2	2	2	2	2	2	2	2	2	2	2	2	2	2	2	1	0	2	2	2	2	2	2	2	2	2	2	2	2	2	2	2	2	2	2	2	2	2	2	2	2	2	2	0	2	2	2	2	2	2	2	2	
ELF4	0	0	2	2	0	0	0	2	2	2	0	0	2	2	0	2	2	0	0	2	2	2	0	0	0	2	0	2	0	2	0	0	0	2	2	2	2	0	2	0	2	2	0	2	0	2	2	0	2	2	0	2	2	2	2	2	0	0	0	2	0	2	2	2	2	2	2	2	2	2	2	0	0	2	2	2	0	0	2	2	0	2	2	0	0	2	2	2	0	2	2	2	0	2	0	2	2	2	2	2	0	2	0	2	2	2	2	0	0	0	2	0	0	2	0	2	2	2	2	0	2	2	2	2	2	2	0	2	2	2	2	2	2	0	2	0	2	2	2	2	0	0	0	0	0	0	2	2	0	2	2	2	2	2	2	2	2	2	2	2	1	2	2	2	2	2	2	0	2	2	0	2	2	2	2	2	2	2	2	
ETS1	2	2	2	0	2	0	0	2	2	2	0	0	2	2	2	2	2	2	2	2	2	2	2	2	2	2	1	2	0	0	2	1	2	2	2	2	2	0	2	2	1	2	0	1	2	2	2	1	2	2	2	2	0	2	2	2	2	2	1	2	2	2	2	2	2	2	2	2	2	2	2	2	2	0	2	2	0	2	2	2	0	2	2	1	1	2	2	2	2	2	2	2	0	2	1	2	2	2	2	2	0	2	2	2	2	2	2	2	1	2	2	2	0	2	0	2	2	2	2	0	2	2	2	2	2	2	1	2	2	2	1	1	2	1	2	2	2	2	2	2	0	0	2	0	2	0	2	2	2	2	2	2	2	2	2	2	2	2	2	1	2	2	2	2	2	2	2	2	2	2	2	2	2	2	2	2	2	2	2	
FOXA3	2	2	2	0	2	1	2	2	2	2	2	0	2	2	2	2	2	2	2	2	1	2	2	2	2	2	2	2	1	2	2	2	2	2	2	2	2	2	2	2	2	2	2	1	2	2	2	1	2	2	2	2	2	1	2	1	2	2	2	2	2	2	2	2	2	2	2	2	2	2	2	2	2	0	2	2	1	2	2	2	1	2	2	2	1	2	2	2	2	2	2	2	0	2	2	2	2	2	2	2	0	2	2	2	2	2	2	2	1	2	2	2	0	2	2	2	2	2	2	1	2	2	2	2	2	2	1	2	2	2	2	2	2	2	2	2	2	2	2	2	2	1	2	1	2	2	2	2	1	2	2	2	2	2	2	2	2	2	2	0	2	2	2	0	2	2	2	2	2	2	2	2	2	2	2	2	2	2	1	
FOXP1	2	2	1	0	2	1	0	2	2	2	1	0	2	2	2	2	2	2	2	2	1	2	2	0	2	2	2	2	0	1	2	1	2	2	2	2	0	1	2	2	2	2	0	1	2	0	2	0	2	1	2	2	2	1	2	1	2	2	1	2	2	2	2	2	2	2	2	2	0	2	1	2	2	0	2	2	1	2	2	2	0	2	2	1	1	2	0	2	2	2	2	2	0	2	0	1	2	2	2	1	0	2	2	1	2	2	2	2	1	1	2	2	0	1	2	1	2	1	2	0	2	2	2	0	2	2	1	0	2	2	2	2	2	2	1	1	2	2	0	2	0	2	2	0	2	0	2	0	1	2	2	2	2	0	2	2	0	2	2	0	2	2	0	0	2	2	2	2	2	2	0	2	2	0	2	2	2	2	1	
GABPA	2	2	2	2	1	2	1	2	2	2	2	2	2	2	2	2	2	2	2	2	2	2	2	2	2	2	2	2	1	2	2	2	2	2	2	2	2	2	2	2	2	2	0	2	2	2	2	2	2	2	2	2	2	2	2	2	1	2	2	2	2	2	2	2	2	2	2	2	2	2	2	2	1	2	2	2	1	2	2	2	0	0	2	1	0	2	2	2	1	2	2	2	2	2	2	2	2	2	2	2	2	2	2	2	2	2	2	2	1	2	2	2	0	2	2	2	2	2	2	0	2	2	2	2	2	2	1	2	2	2	2	2	2	2	2	1	2	2	2	2	2	2	2	0	2	2	2	2	2	2	2	2	2	2	2	2	2	2	2	2	2	2	2	2	2	2	2	2	2	2	2	2	2	2	2	2	2	2	2	
GABPB1	2	2	2	2	2	0	2	2	2	2	2	2	2	2	2	2	2	2	2	2	2	2	2	2	2	2	2	2	1	2	2	2	2	2	2	2	2	2	2	2	2	2	1	2	2	2	2	2	2	2	2	2	2	2	2	2	2	2	2	2	2	2	2	2	2	2	2	2	2	2	2	2	2	2	2	2	2	2	2	2	0	2	2	2	2	2	2	2	2	2	2	2	2	2	2	2	2	2	2	2	2	2	2	2	2	2	2	2	0	2	2	2	0	2	2	2	2	2	2	1	2	2	2	2	2	2	2	2	2	2	2	2	2	2	2	2	2	2	2	2	2	2	2	0	2	2	2	2	2	2	2	2	2	2	2	2	2	2	2	2	2	2	2	2	2	2	2	2	2	2	2	2	2	2	2	2	2	2	2	
GATA3	1	0	0	1	0	0	0	0	0	0	1	0	0	2	0	0	0	0	0	2	0	0	0	0	2	0	0	2	0	1	0	1	1	0	0	1	0	0	0	0	0	1	0	1	2	0	0	0	1	0	0	0	0	1	2	0	0	0	0	0	1	0	1	1	0	0	0	1	0	0	0	0	1	0	0	1	0	0	0	0	1	0	0	0	1	0	2	0	1	1	2	0	0	0	0	0	0	0	1	0	0	0	1	0	0	0	0	0	0	1	2	0	0	0	0	0	0	0	1	0	2	0	1	0	0	1	0	0	1	0	0	0	0	2	1	0	2	2	0	0	0	2	0	0	0	0	0	0	0	1	0	0	0	0	0	0	0	0	0	0	1	1	0	0	2	2	0	0	0	0	0	0	0	0	0	0	1	0	0	
GATAD1	2	2	2	2	1	0	2	2	2	2	2	0	2	2	2	2	2	2	2	2	2	2	2	2	2	2	2	2	1	2	2	2	2	2	2	2	2	0	2	2	2	2	0	2	2	2	2	2	2	2	2	2	2	2	2	2	2	2	1	2	2	2	2	2	2	2	2	2	2	2	2	2	2	0	2	2	2	2	2	2	0	2	2	2	0	2	2	2	2	2	2	2	2	2	2	2	2	2	2	2	2	2	2	2	2	2	2	2	0	2	2	2	0	2	2	2	2	2	2	1	2	2	2	2	2	2	2	2	2	2	2	2	2	2	2	1	2	2	2	2	2	0	2	0	2	2	2	2	0	2	2	2	2	2	2	2	2	2	2	0	2	2	2	2	2	2	2	2	2	2	2	2	2	2	2	2	2	2	2	
GMEB2	2	2	2	0	0	0	0	0	0	2	2	0	2	2	1	2	2	0	0	2	0	2	2	2	0	2	0	2	0	2	0	1	0	2	2	2	2	0	2	0	2	2	0	0	2	2	2	0	2	0	0	2	0	2	2	0	2	0	0	2	0	2	2	2	2	2	2	2	2	2	2	1	1	0	0	2	0	2	2	2	0	0	2	2	0	2	2	2	0	0	0	2	0	0	0	0	2	2	2	2	2	2	2	2	0	2	2	0	0	0	0	2	0	0	0	2	2	2	2	0	2	2	2	0	2	0	0	2	2	2	2	2	2	0	1	1	2	2	0	2	0	0	0	0	0	0	2	0	0	2	2	2	2	0	2	2	2	2	2	2	2	2	2	0	2	2	2	2	2	2	2	2	2	0	2	2	2	2	2	
GTF2A2	0	0	0	0	0	0	0	2	2	2	0	0	2	2	2	2	2	1	0	2	2	2	0	0	0	2	1	2	1	0	2	0	0	2	2	1	2	0	2	0	0	2	0	2	2	0	2	0	2	2	0	2	2	1	0	2	0	1	2	2	0	2	2	0	2	0	2	2	2	2	2	0	0	2	2	2	0	2	0	2	0	0	2	0	0	2	1	0	0	2	2	0	0	2	0	0	2	0	2	0	0	2	2	2	0	2	0	0	0	0	1	0	0	0	2	0	2	0	2	1	2	2	1	0	2	1	0	0	2	2	2	1	2	1	0	2	0	2	0	0	0	1	0	0	0	2	2	2	0	2	2	2	2	2	2	0	2	2	2	0	2	2	2	2	2	2	2	0	2	2	2	2	2	2	2	2	2	2	0	
HDAC1	2	2	2	2	2	0	2	2	2	2	2	2	2	2	2	2	2	2	1	2	2	2	2	2	2	2	2	2	1	2	2	2	2	2	2	2	2	1	2	2	2	2	1	2	2	2	2	2	2	2	2	2	2	2	2	2	2	2	2	2	2	2	2	2	2	2	2	2	2	2	2	2	1	2	2	2	2	2	2	2	0	0	2	2	0	2	2	2	2	2	2	2	2	2	2	2	2	2	2	2	1	2	2	2	2	2	2	2	0	2	2	2	0	2	2	2	2	2	2	1	2	2	2	2	2	2	0	2	2	2	2	2	2	2	1	2	2	2	2	2	2	2	0	0	0	2	2	2	2	2	2	2	2	2	2	2	2	2	2	2	2	2	2	2	2	2	2	2	2	2	2	2	2	2	2	2	2	2	2	
HHEX	2	2	1	0	2	0	0	2	2	2	0	0	2	2	1	1	2	1	2	2	1	0	2	0	1	0	2	2	0	1	0	2	2	2	2	2	0	1	2	0	2	2	0	0	2	0	1	0	2	2	0	0	0	0	0	0	2	2	0	0	2	0	0	2	0	0	2	2	0	2	1	2	2	0	0	2	0	0	2	2	0	0	2	1	0	2	0	1	2	2	1	2	0	2	1	1	1	0	2	1	0	2	1	1	1	2	2	1	0	1	2	0	0	1	0	0	2	0	2	0	2	2	1	0	2	1	1	0	1	2	0	0	1	2	1	1	0	2	0	2	0	1	2	0	2	0	0	0	1	2	2	1	1	0	0	2	0	1	2	0	2	2	0	0	2	2	2	0	2	2	0	0	2	2	0	0	2	2	0	
HMG20A	2	2	1	0	2	1	2	2	2	2	2	0	2	2	1	2	2	2	2	2	1	2	2	0	2	2	1	2	1	0	1	1	2	2	2	2	0	1	2	0	1	2	2	1	2	0	2	2	2	1	2	2	2	1	2	0	2	2	2	2	2	0	2	2	2	0	2	1	0	2	1	2	2	0	2	2	0	2	2	2	1	2	2	1	0	2	1	2	2	2	2	2	2	2	0	2	2	2	2	2	0	2	2	0	2	2	2	1	0	2	2	1	0	1	2	2	2	0	2	0	2	2	2	0	2	2	1	0	2	2	1	0	2	2	2	1	2	2	0	2	0	1	2	0	2	2	2	1	1	2	2	1	2	2	2	2	0	2	2	2	2	2	0	0	2	2	2	2	2	0	0	2	2	2	2	2	2	2	0	
HNF4G	1	2	2	1	1	2	1	2	2	2	1	1	2	2	2	1	2	2	0	2	1	2	2	0	2	2	1	2	0	2	0	1	2	0	2	1	1	0	2	1	2	2	2	1	2	0	2	0	2	1	2	2	2	1	2	0	1	2	1	2	2	2	2	2	2	2	2	0	0	2	1	2	1	0	0	2	1	2	2	2	0	1	2	1	1	2	1	2	1	2	2	2	0	2	0	2	1	2	2	2	0	2	2	2	2	2	2	1	0	1	2	2	0	1	2	1	2	1	1	0	2	2	2	0	2	2	0	1	0	2	2	2	2	2	2	1	0	2	0	2	0	2	1	2	2	0	2	2	1	2	2	1	2	2	0	2	2	2	2	0	2	1	2	1	2	2	2	2	2	2	0	2	2	0	2	2	2	2	2	
HNRNPH1	0	0	0	0	0	0	0	2	2	2	0	0	2	2	2	0	2	0	0	2	0	0	2	0	0	0	0	2	0	0	2	2	0	2	2	2	2	0	0	0	0	0	0	0	0	2	2	0	2	0	2	2	0	0	2	0	2	0	0	2	0	0	0	0	2	0	2	0	0	2	0	0	0	2	0	2	0	2	2	0	0	0	2	0	0	0	0	2	0	0	2	2	0	2	0	2	2	2	2	2	0	2	0	0	2	2	0	0	0	0	2	0	0	0	0	2	2	0	1	0	2	2	1	0	2	0	0	0	0	2	0	0	2	1	0	0	0	2	0	2	0	0	0	0	0	0	0	2	0	2	2	0	2	0	2	2	0	0	2	0	2	2	0	0	2	2	2	2	2	2	0	2	0	0	2	2	2	0	0	
IKZF1	2	2	2	2	2	1	2	2	2	2	2	2	2	2	2	2	2	2	2	2	2	2	2	2	2	2	2	2	1	2	2	2	2	2	2	2	2	2	2	2	2	2	1	2	2	2	2	2	2	2	2	2	2	2	2	2	2	2	2	2	2	2	2	2	2	2	2	2	2	2	2	2	2	2	2	2	2	2	2	2	1	2	2	2	2	2	2	2	2	2	2	2	2	2	2	2	2	2	2	2	2	2	2	2	2	2	2	2	1	2	2	2	0	2	2	2	2	2	2	2	2	2	2	2	2	2	2	2	2	2	2	2	2	2	2	2	2	2	2	2	2	2	2	0	2	2	2	2	2	2	2	2	2	2	2	2	2	2	2	2	2	2	2	2	2	2	2	2	2	2	0	2	2	2	2	2	2	2	2	
IKZF2	2	2	2	2	2	1	2	2	2	2	2	0	2	2	2	2	2	2	2	2	1	2	2	2	2	2	2	2	0	2	2	1	2	2	2	2	2	0	2	2	0	2	1	2	2	2	2	0	2	2	2	2	2	2	2	2	1	2	2	2	2	2	2	2	2	2	2	2	2	2	2	2	0	2	2	2	1	2	2	2	1	2	2	2	2	2	2	2	2	2	2	2	2	2	2	2	2	2	2	2	2	2	2	2	2	2	2	2	1	2	2	2	0	2	2	2	2	2	2	1	2	2	2	2	2	2	2	2	2	2	2	2	2	2	2	1	2	2	2	2	2	2	2	0	2	2	2	2	2	2	2	2	2	2	2	2	2	2	2	2	2	2	2	2	2	2	2	2	2	2	0	2	2	2	2	2	2	2	2	
JUND	2	2	2	1	2	2	2	2	2	2	2	1	2	2	2	2	2	2	2	2	2	2	2	2	2	2	2	2	1	2	2	2	2	2	2	2	2	2	2	2	2	2	2	1	2	0	2	2	2	2	2	2	2	2	2	2	2	2	2	2	2	2	2	2	2	2	2	2	2	2	1	2	2	2	2	2	2	2	2	2	1	2	2	2	1	2	2	2	2	2	2	2	1	2	2	2	2	2	2	2	2	2	2	2	2	2	2	2	2	2	2	2	0	2	2	2	2	2	2	1	2	2	2	2	2	2	2	2	2	2	2	2	2	2	2	2	2	2	2	2	2	2	2	2	2	2	2	2	1	2	2	2	2	2	2	2	2	2	2	2	2	2	2	2	2	2	2	2	2	2	2	2	2	2	2	2	2	2	2	
KAT2B	0	0	0	0	0	3	0	0	0	0	1	0	0	2	1	1	0	0	0	1	0	0	0	0	0	0	0	0	0	0	0	0	0	2	0	0	0	0	0	0	0	0	0	0	0	0	0	0	2	0	0	0	0	0	2	0	0	0	0	0	2	0	0	0	0	0	0	1	0	0	0	0	2	1	0	2	0	2	2	1	0	2	0	0	0	2	0	1	0	0	0	0	0	1	0	0	0	0	2	0	2	0	0	0	2	2	0	0	0	0	1	0	0	0	0	2	0	0	1	0	0	2	1	0	0	1	0	0	0	0	0	0	0	2	1	0	0	1	0	2	0	1	0	0	1	0	0	0	0	0	2	0	0	0	0	1	0	1	0	0	2	0	0	0	2	2	0	0	0	0	0	0	0	0	0	0	2	0	0	
KDM5A	0	0	2	0	0	0	0	0	0	0	2	2	0	2	2	0	2	0	0	2	0	2	1	0	0	0	0	2	0	0	2	2	0	2	2	2	2	0	2	2	0	2	0	2	0	2	0	0	2	2	2	2	0	0	2	0	0	0	0	2	0	2	2	2	2	0	2	2	0	2	2	2	0	2	2	2	0	2	2	0	0	0	2	2	0	2	2	2	0	0	0	2	0	0	0	0	0	2	2	0	2	2	0	2	2	2	2	0	0	0	0	0	0	0	0	2	2	2	1	0	2	2	2	0	2	2	0	2	0	2	2	2	2	0	0	1	2	2	0	2	2	2	0	0	0	2	2	2	2	2	2	2	2	2	2	2	2	2	2	0	0	2	2	0	2	2	2	2	2	2	0	2	2	0	2	2	2	2	2	
KLF5	2	2	2	0	1	1	1	2	2	2	0	0	2	2	2	2	2	2	2	2	2	2	2	2	2	0	2	2	0	2	2	0	2	2	2	2	2	0	2	2	2	2	0	2	2	2	2	2	2	2	2	2	2	2	2	2	2	2	2	2	2	2	2	2	2	2	2	2	0	2	2	2	0	2	0	2	1	2	2	2	0	2	2	2	2	2	2	2	0	1	2	2	2	2	2	2	2	2	2	2	2	2	2	2	2	2	2	2	0	2	1	2	0	2	2	2	2	2	2	1	2	2	2	2	2	2	0	2	2	2	2	0	2	2	2	0	2	2	2	2	2	2	0	0	0	2	2	2	2	2	2	2	2	2	2	2	2	2	2	2	2	2	2	2	2	2	2	2	2	2	1	2	2	2	2	2	2	2	2	
KLF6	2	2	2	0	2	1	2	2	2	2	2	0	2	2	2	2	2	2	2	2	2	2	2	2	1	2	2	2	1	2	2	2	2	2	2	2	2	2	2	0	2	2	0	2	0	2	2	0	2	2	0	2	2	2	2	0	2	2	0	2	2	2	2	2	2	2	2	2	0	2	2	2	2	0	2	2	0	2	2	2	0	2	2	2	0	2	2	2	2	2	2	2	0	2	2	2	2	2	2	2	1	2	2	2	2	2	2	2	0	2	2	2	0	0	2	2	2	2	2	0	2	2	2	2	2	0	2	2	2	2	2	0	2	1	2	2	2	2	0	2	0	0	2	0	2	2	2	2	1	2	2	2	2	2	2	2	2	2	2	0	2	2	2	2	2	2	2	2	2	2	2	2	2	0	2	2	2	2	2	
MIER1	2	0	0	0	1	0	0	2	2	2	0	0	2	2	2	2	2	0	0	2	0	2	0	0	0	2	2	2	1	0	2	0	0	2	0	2	2	0	2	0	0	2	0	0	2	0	2	0	2	2	2	2	2	0	0	2	2	0	0	2	0	0	2	0	2	2	2	2	0	2	2	0	2	0	0	2	2	2	2	2	0	0	0	1	0	2	2	1	0	2	2	2	0	2	0	2	0	2	2	2	0	2	1	2	0	2	2	0	0	0	0	2	0	0	0	2	2	0	2	1	2	2	2	2	2	2	0	1	2	2	0	2	2	1	1	0	2	2	0	2	0	2	0	0	0	0	0	1	0	2	2	2	2	2	2	0	2	1	2	0	2	2	2	2	2	2	2	0	2	2	0	2	2	2	0	2	2	2	0	
MIER3	2	2	2	0	2	1	0	2	2	2	2	0	2	2	2	2	2	2	2	2	1	2	2	2	2	2	2	2	0	2	2	1	2	2	2	2	2	0	2	0	2	2	0	0	2	2	2	0	2	2	0	2	1	2	2	0	2	2	1	2	2	2	2	2	2	2	2	2	0	2	2	2	2	2	1	2	0	2	2	2	0	2	2	2	0	2	2	2	0	2	2	2	0	2	2	2	2	2	2	2	1	2	2	0	2	2	2	2	0	2	2	2	0	2	2	2	2	2	2	0	2	2	2	2	2	2	2	0	2	2	2	2	2	2	1	2	2	2	2	2	0	1	2	0	2	2	2	2	1	2	2	2	2	2	2	2	2	2	2	0	2	2	2	0	2	2	2	0	2	2	2	2	2	0	2	2	2	2	2	
MTA1	0	2	2	2	2	0	0	2	2	2	2	0	2	2	2	2	2	2	2	2	1	2	2	2	2	2	2	2	0	2	2	1	1	2	2	2	2	0	2	2	0	2	1	2	2	0	2	2	2	2	2	2	2	2	2	2	2	1	0	2	2	2	2	2	2	2	2	2	0	2	2	2	1	0	0	2	0	2	2	2	0	0	2	2	1	2	2	2	0	2	2	2	0	2	2	2	2	2	2	2	2	2	2	2	2	2	2	2	0	0	2	2	0	2	2	2	2	2	2	1	2	2	2	2	2	2	0	2	2	2	2	2	2	2	1	2	2	2	2	2	2	2	0	0	0	0	2	2	0	2	2	2	2	2	2	2	2	2	2	0	2	2	2	2	2	2	2	2	2	2	2	2	2	2	2	2	2	2	2	
NCOA3	0	0	1	0	0	0	0	2	2	1	1	1	2	2	0	1	0	0	1	2	1	2	2	2	2	2	0	2	0	0	0	1	1	2	1	0	0	0	0	1	0	2	0	0	2	0	2	1	2	0	2	0	0	0	2	0	1	0	0	2	2	0	2	1	2	2	2	2	0	2	2	0	1	0	0	0	0	2	0	2	0	0	0	0	0	2	1	0	1	2	0	2	0	0	0	1	0	2	1	0	0	2	1	0	1	0	2	0	1	2	2	2	0	1	0	0	2	2	2	0	2	1	1	0	2	2	0	0	0	1	2	0	1	2	0	2	2	2	0	1	0	1	2	0	0	1	1	0	0	2	2	0	0	0	2	0	2	2	2	0	1	1	2	0	2	2	0	2	0	0	0	2	1	0	0	2	2	2	0	
NFATC1	0	1	2	0	1	1	1	2	1	2	0	0	2	2	1	2	2	2	2	2	0	2	0	2	2	2	2	2	0	2	2	0	0	2	2	2	2	0	0	2	2	2	0	1	2	2	2	0	2	2	2	2	1	2	2	2	1	2	2	2	1	2	2	2	2	2	2	0	0	2	2	1	0	1	0	2	1	2	1	2	1	0	2	2	1	2	2	2	1	2	0	1	0	2	0	2	0	2	2	2	2	2	0	1	2	2	2	0	1	2	2	2	0	2	2	2	2	1	2	1	2	2	2	0	2	2	0	0	2	2	2	0	2	2	1	0	2	2	2	2	2	1	0	0	0	0	2	2	2	2	0	0	0	2	2	2	2	2	2	0	2	2	2	2	2	2	2	2	2	2	2	2	2	0	2	2	2	2	0	
NFATC3	2	2	2	0	2	0	0	2	2	2	1	0	2	2	2	2	2	0	0	2	1	2	1	0	2	2	2	2	0	2	2	0	2	2	2	2	2	1	2	0	0	2	1	1	2	0	2	0	2	2	2	2	2	2	2	0	2	2	0	2	2	2	2	2	2	2	2	2	0	2	0	0	1	2	0	2	2	2	2	2	0	0	2	2	0	2	2	1	0	2	2	2	0	2	0	2	2	2	2	0	1	2	2	2	1	2	2	2	0	1	2	2	0	1	2	2	2	2	2	1	2	2	2	2	2	2	0	2	1	2	2	2	2	1	0	2	2	2	2	2	2	2	0	0	0	2	2	2	0	2	2	2	2	2	2	2	2	2	2	0	2	2	2	2	2	2	2	2	2	2	0	2	2	2	2	2	2	2	2	
NFRKB	2	0	2	1	0	0	2	2	2	2	2	0	2	2	2	2	2	2	0	2	2	2	2	2	2	2	2	2	0	2	2	0	0	2	2	2	2	0	2	2	0	2	1	2	2	2	2	2	2	2	2	2	2	2	2	2	2	2	0	2	2	2	2	0	2	2	2	2	2	2	2	0	1	2	2	2	2	2	2	2	0	2	2	2	0	2	2	2	0	2	2	2	2	2	2	2	2	2	2	2	0	2	2	2	2	2	2	0	0	2	2	2	0	2	2	2	2	2	2	1	2	2	2	2	2	2	1	2	2	2	2	2	2	2	2	0	2	2	0	2	1	2	0	0	0	2	2	2	0	2	2	2	2	2	2	2	2	2	2	2	2	2	2	2	2	2	2	2	2	2	2	2	2	0	2	2	2	2	2	
NFXL1	0	0	0	2	0	0	2	1	2	2	0	0	2	2	0	2	1	0	0	2	0	2	1	0	2	0	1	0	0	0	2	0	0	2	2	2	2	0	0	1	0	2	0	2	2	0	2	0	2	2	2	2	2	2	2	2	0	2	2	2	0	2	2	1	2	2	2	2	0	2	0	0	0	0	0	0	0	2	0	2	0	0	2	1	2	2	2	0	0	2	2	2	0	2	0	2	0	2	2	0	2	2	0	1	2	2	2	0	0	0	0	2	0	1	0	0	2	2	0	1	2	2	1	2	2	2	0	0	2	2	0	2	2	0	2	2	2	2	2	2	0	2	0	0	0	0	2	0	0	2	2	2	0	1	2	2	2	1	2	1	2	0	0	2	2	2	2	2	2	2	0	2	2	0	0	2	2	0	0	
NR2C1	2	2	2	2	2	0	0	2	2	2	2	0	2	2	2	2	2	1	0	2	2	2	2	2	2	2	2	2	0	1	2	2	2	2	2	2	2	0	2	2	0	2	1	2	2	2	2	0	2	2	2	2	2	2	2	2	2	2	0	2	2	2	2	2	2	2	2	2	2	2	2	2	2	0	2	2	2	2	2	2	0	0	2	2	1	2	2	2	1	2	2	2	2	2	2	2	2	2	2	2	2	2	2	2	2	2	2	0	0	0	2	2	0	2	2	2	2	2	2	1	2	2	2	2	2	2	0	2	2	2	2	2	2	1	2	2	2	2	2	2	0	2	0	0	0	2	2	2	2	2	2	2	2	2	2	2	2	2	2	2	2	2	2	2	2	2	2	2	2	2	2	2	2	2	2	2	2	2	2	
PBX2	0	2	1	0	2	0	0	2	2	2	1	0	2	2	1	1	2	2	0	2	1	2	2	0	0	2	2	2	0	2	2	0	2	2	2	1	0	2	2	0	0	2	0	0	2	0	2	0	2	0	2	2	0	0	0	2	1	1	0	2	1	0	2	0	2	0	2	2	0	2	1	0	1	0	2	0	2	2	2	2	0	0	2	0	0	2	2	1	2	2	1	2	0	1	0	0	2	2	2	1	0	2	1	2	2	2	2	0	0	1	2	2	0	0	0	2	2	2	1	0	2	2	2	0	2	1	0	0	2	2	2	2	2	1	2	1	2	2	0	2	0	0	0	0	0	0	2	2	0	2	2	2	2	2	1	2	2	2	2	2	2	2	2	2	2	2	2	2	2	2	0	1	2	2	0	2	2	2	1	
PHF8	2	2	2	2	2	0	2	2	2	2	2	0	2	2	2	2	2	2	2	2	2	2	2	2	2	2	2	2	1	2	2	2	2	2	2	2	2	2	2	2	2	2	0	2	2	2	2	2	2	2	2	2	2	2	2	2	2	2	2	2	2	2	2	2	2	2	2	2	2	2	2	2	2	2	2	2	2	2	2	2	0	2	2	2	2	2	2	2	2	2	2	2	2	2	2	2	2	2	2	2	2	2	2	2	2	2	2	2	0	2	2	2	0	2	2	2	2	2	2	1	2	2	2	2	2	2	1	2	2	2	2	2	2	2	2	2	2	2	2	2	2	2	0	0	2	2	2	2	2	2	2	2	2	2	2	2	2	2	2	2	2	2	2	2	2	2	2	2	2	2	2	2	2	2	2	2	2	2	2	
POLR3G	0	0	0	0	0	0	0	0	0	0	0	0	0	0	0	0	0	0	0	0	0	0	0	0	0	0	0	0	0	0	0	0	0	0	0	0	0	0	0	0	0	0	0	0	0	0	0	0	2	0	0	0	0	0	2	0	0	0	0	0	0	0	0	0	0	0	0	0	0	0	0	0	0	0	0	0	0	0	0	0	0	0	0	0	0	0	0	0	0	0	0	0	0	0	0	0	0	0	0	0	0	0	0	0	0	0	0	0	0	0	0	0	0	0	0	0	2	0	0	0	0	0	0	0	0	0	0	0	0	0	0	0	0	0	0	0	0	0	0	0	0	0	0	0	0	0	0	0	0	2	0	0	0	0	0	0	0	0	0	0	0	0	0	0	0	0	0	0	2	0	0	0	0	0	2	0	0	0	0	
PRDM1	2	2	2	2	1	0	2	2	2	2	2	1	2	2	2	2	2	2	2	2	2	2	2	0	2	2	2	2	1	2	2	2	2	2	2	2	2	2	2	1	2	2	0	2	2	2	2	0	2	2	2	2	2	2	2	2	2	2	2	2	2	2	2	2	2	2	2	2	2	2	2	0	1	2	2	2	2	2	2	2	1	2	2	2	2	2	2	2	2	2	2	2	2	2	2	2	2	2	2	2	2	2	2	2	2	2	2	2	2	2	2	2	0	2	0	2	2	0	1	1	2	2	2	2	2	2	1	1	2	2	2	2	2	2	2	2	2	2	0	2	2	2	0	0	0	2	2	2	0	2	2	2	2	2	2	2	2	2	2	2	2	2	2	2	2	2	2	2	2	2	0	2	2	0	2	2	2	2	2	
PTBP1	0	0	1	0	2	0	0	2	2	2	0	0	2	2	0	2	2	0	0	2	0	2	0	2	2	0	1	2	0	2	0	0	0	2	0	0	2	0	0	0	0	2	0	0	1	0	2	0	2	0	0	2	2	0	0	2	0	1	2	2	1	2	0	0	2	0	2	2	2	2	0	0	0	2	0	2	0	2	2	2	0	0	2	1	0	2	2	0	0	2	0	2	2	2	0	0	2	0	2	2	0	2	0	0	0	2	0	0	0	0	0	0	0	0	2	0	2	0	0	1	2	2	1	0	2	1	0	2	2	2	0	2	2	1	0	2	2	2	0	1	0	0	0	0	0	2	0	2	2	2	0	0	0	2	2	0	2	2	2	0	2	2	0	2	2	2	2	0	2	0	0	2	2	0	0	2	2	2	0	
RARA	2	2	1	0	2	1	0	2	2	2	2	0	2	2	2	2	2	2	2	2	1	2	2	0	2	2	2	2	1	2	2	1	2	2	2	2	2	1	2	2	1	2	0	2	2	2	2	0	2	2	2	2	2	1	2	1	2	2	2	2	2	2	2	2	2	2	2	2	0	2	2	2	2	2	2	2	0	2	2	2	0	2	2	1	0	2	2	2	2	2	2	2	2	2	2	2	2	2	2	2	1	2	2	0	2	2	2	2	1	2	2	2	0	2	2	2	2	2	2	1	2	2	2	2	2	2	2	2	2	2	2	2	2	2	1	2	2	2	2	2	2	1	2	0	2	2	2	2	1	2	2	1	2	2	2	2	2	2	2	1	2	2	2	1	2	2	2	2	2	2	0	2	2	2	2	2	2	2	1	
RBM39	2	0	0	0	2	0	0	0	2	2	0	0	2	2	0	0	2	0	0	2	0	2	0	0	0	2	0	2	0	0	0	0	0	2	0	0	2	0	0	0	0	2	0	0	1	0	2	0	2	0	0	2	2	0	0	2	0	0	0	1	0	0	2	0	2	0	2	0	2	2	0	0	0	2	0	2	0	0	0	0	0	0	2	0	0	2	2	2	0	2	1	0	0	2	0	0	2	0	2	0	0	1	2	2	0	2	2	0	0	0	0	0	0	0	2	0	2	0	2	0	2	2	2	0	2	2	0	2	2	2	2	2	2	1	0	0	2	2	0	2	0	0	0	0	0	0	0	2	0	2	2	0	0	2	2	0	2	2	2	0	0	0	2	2	2	2	1	0	2	2	0	2	2	0	0	2	2	2	0	
RERE	2	2	1	0	2	1	0	2	2	2	2	0	2	2	1	0	2	2	2	2	1	2	2	0	1	2	1	1	0	2	0	1	2	2	2	0	2	0	2	2	2	2	0	1	2	0	2	0	2	1	2	2	2	0	2	0	2	2	0	2	2	2	2	2	2	0	2	0	0	2	1	2	2	0	2	2	2	2	2	2	0	0	2	0	0	2	0	2	2	2	2	2	0	2	0	2	2	2	2	2	0	2	2	1	2	2	2	1	0	2	2	2	0	1	0	1	2	2	2	0	2	2	2	0	2	2	2	0	2	2	0	0	2	1	2	1	2	2	0	2	0	1	2	0	2	0	2	0	1	2	2	1	0	0	2	2	2	2	2	0	2	2	0	0	2	2	2	0	2	2	0	2	2	0	2	2	2	2	2	
REST	2	2	2	2	2	2	1	2	2	2	2	2	2	2	2	2	2	2	2	2	2	2	2	2	2	2	2	2	1	2	2	2	2	2	2	2	2	2	2	2	1	2	2	2	2	2	2	2	2	2	2	2	2	2	2	2	2	2	2	2	2	2	2	2	2	2	2	2	2	2	2	2	2	2	2	2	2	2	2	2	0	2	2	2	2	2	2	2	2	2	2	2	2	2	2	2	2	2	2	2	2	2	2	2	2	2	2	2	1	2	2	2	0	2	2	2	2	2	2	1	2	2	2	2	2	2	2	2	2	2	2	2	2	2	2	2	2	2	2	2	2	2	2	2	2	2	2	2	2	2	2	2	2	2	2	2	2	2	2	2	2	2	2	2	2	2	2	2	2	2	0	2	2	2	2	2	2	2	2	
RFX5	2	2	2	2	1	0	1	2	2	2	2	2	2	2	2	2	2	2	0	2	1	2	2	2	2	2	2	2	1	2	2	2	2	2	2	2	2	0	2	2	2	2	0	2	2	2	2	2	2	2	2	2	2	2	2	2	2	2	1	2	2	2	2	2	2	2	2	2	2	2	2	2	2	2	2	2	2	2	2	2	1	2	2	2	2	2	2	2	2	2	2	2	2	2	2	2	2	2	2	2	2	2	2	2	2	2	2	2	2	2	2	2	0	2	2	2	2	2	2	1	2	2	2	0	2	2	2	2	2	2	2	2	2	2	2	2	2	2	2	2	2	2	0	0	0	2	2	2	2	2	2	2	2	2	2	2	2	2	2	2	2	2	2	2	2	2	2	2	2	2	2	2	2	2	2	2	2	2	2	
SOX6	2	2	2	1	2	0	0	2	2	2	2	1	2	2	2	2	2	2	0	2	2	2	2	2	2	2	2	2	1	2	2	0	2	2	2	2	2	1	2	2	0	2	0	2	2	2	2	0	2	2	2	2	2	1	2	2	2	2	2	2	2	2	2	2	2	2	2	2	2	2	2	2	2	2	2	2	2	2	2	2	0	0	2	2	1	2	2	2	1	2	2	2	2	2	2	2	2	2	2	2	1	2	2	2	2	2	2	2	0	1	2	2	0	2	2	2	2	2	2	1	2	2	2	2	2	2	0	2	2	2	2	2	2	1	2	2	2	2	2	2	2	2	2	1	2	2	1	2	2	2	2	2	2	2	2	2	2	2	2	1	2	2	2	2	2	2	2	2	2	2	2	2	2	2	2	2	2	2	2	
SRF	0	0	2	0	0	0	0	0	0	0	0	0	2	2	0	1	2	2	2	2	0	0	2	0	2	2	0	2	0	0	0	0	0	2	2	0	2	0	0	0	0	2	0	2	2	0	2	2	2	2	2	0	2	2	2	2	0	2	0	2	0	2	0	2	2	2	2	0	0	2	0	2	0	0	0	2	1	0	1	0	0	0	0	1	2	0	0	0	1	2	0	2	0	2	0	0	0	2	1	0	2	2	0	2	0	2	2	0	0	2	0	2	0	2	0	2	2	2	2	0	2	2	2	0	2	0	0	0	2	2	0	0	2	0	0	1	0	2	0	2	0	1	0	0	0	2	2	2	1	0	0	0	0	0	2	2	2	2	2	0	0	2	2	0	2	0	2	2	2	2	0	2	2	0	0	2	2	2	0	
STAT5A	2	2	1	0	2	1	0	2	2	2	1	2	2	2	2	2	2	2	2	2	2	2	0	2	2	2	1	2	0	1	1	0	0	2	2	2	2	1	2	2	0	2	0	2	2	2	2	0	2	2	2	2	2	2	2	2	2	2	2	2	2	2	2	1	2	2	2	2	2	2	2	0	1	2	2	2	2	2	2	2	1	0	2	2	2	2	2	1	1	2	2	2	2	2	2	2	2	2	2	2	2	2	1	2	2	2	2	0	0	2	2	2	0	2	2	2	2	2	2	1	2	2	2	0	2	2	0	0	2	2	2	2	2	2	2	2	2	2	2	2	2	2	0	0	0	2	2	2	2	2	1	1	0	2	2	2	2	2	2	0	2	2	2	2	2	2	2	2	2	2	0	2	2	0	2	2	2	2	1	
TAF7	0	0	2	0	0	0	0	2	2	2	1	0	2	2	2	2	2	2	0	2	2	2	2	2	2	2	0	2	0	2	2	0	0	2	2	2	2	0	2	0	0	2	1	2	2	2	2	0	2	2	2	2	2	2	2	2	2	1	0	2	2	2	2	2	2	2	2	2	2	2	2	0	1	2	2	2	0	2	0	2	0	0	2	2	0	2	2	2	0	2	2	2	2	2	2	2	2	2	2	0	0	2	2	2	2	2	2	0	0	0	0	0	0	2	2	2	2	2	2	1	2	2	2	2	2	2	0	0	2	2	2	2	2	2	2	2	2	2	0	2	0	2	0	0	0	2	1	2	2	2	2	2	2	2	2	2	2	2	2	0	2	2	2	2	2	2	2	0	2	2	0	2	2	2	2	2	2	2	2	
TAL1	1	2	2	2	2	0	1	2	2	2	2	2	2	2	1	2	2	2	0	2	1	2	0	0	2	2	2	2	1	2	2	0	2	2	2	1	2	1	2	2	0	2	0	1	2	2	2	2	2	2	2	2	1	2	2	2	1	2	2	2	2	2	2	1	2	2	2	2	2	2	2	1	1	2	2	2	2	2	2	1	0	0	2	2	0	2	2	2	1	2	2	2	0	2	0	2	2	1	2	1	2	2	1	2	2	2	2	2	0	0	2	1	0	1	2	2	2	1	2	1	2	2	2	0	2	2	0	2	2	2	2	2	2	1	1	2	2	2	2	2	2	2	2	1	2	1	2	2	1	2	2	2	2	2	2	2	2	2	2	0	2	2	2	2	2	2	2	2	2	2	0	2	2	2	2	2	2	2	0	
TARDBP	2	2	2	2	2	1	2	2	2	2	2	2	2	2	2	2	2	2	2	2	2	2	2	2	2	2	2	2	1	2	2	2	2	2	2	2	2	2	2	2	2	2	1	2	2	2	2	2	2	2	2	2	2	2	2	2	2	2	2	2	2	2	2	2	2	2	2	2	2	2	2	2	2	2	2	2	2	2	2	2	1	2	2	2	2	2	2	2	2	2	2	2	2	2	2	2	2	2	2	2	2	2	2	2	2	2	2	2	1	2	2	2	0	2	2	2	2	2	2	1	2	2	2	2	2	2	2	2	2	2	2	2	2	2	2	2	2	2	2	2	2	2	0	0	1	2	2	2	2	2	2	2	2	2	2	2	2	2	2	2	2	2	2	2	2	2	2	2	2	2	2	2	2	2	2	2	2	2	2	
TBL1XR1	2	2	2	2	2	1	2	2	2	2	2	0	2	2	2	2	2	2	2	2	2	2	2	2	2	2	2	2	0	2	2	0	2	2	2	2	2	0	2	2	0	2	0	2	2	2	2	0	2	2	2	2	2	2	2	2	2	2	2	2	2	2	2	2	2	2	2	2	2	2	2	2	1	0	2	2	2	2	2	2	1	2	2	2	2	2	2	2	2	2	2	2	2	2	2	2	2	2	2	2	2	2	2	2	2	2	2	0	1	2	2	2	0	2	2	2	2	2	2	1	2	2	2	2	2	2	0	2	2	2	2	2	2	2	1	2	2	2	2	2	2	2	0	0	0	2	2	2	2	2	2	2	2	2	2	2	2	2	2	2	2	2	2	2	2	2	2	2	2	2	2	2	2	2	2	2	2	2	2	
TCF7L2	1	2	1	1	0	0	1	2	2	2	2	0	2	2	2	2	2	2	2	2	1	2	2	2	2	2	2	2	1	2	2	2	1	2	2	2	2	0	2	2	0	2	1	2	2	0	2	2	2	2	0	2	0	1	2	2	2	2	1	2	2	2	2	1	2	2	2	2	2	2	2	1	2	2	0	2	2	2	1	2	1	1	2	2	1	2	2	2	2	2	2	2	0	2	2	2	2	2	2	1	2	2	1	2	2	2	2	1	1	1	2	2	0	2	0	2	2	0	2	1	2	2	2	2	2	2	1	2	0	2	0	2	2	2	2	2	2	2	0	2	0	2	0	0	0	2	2	2	1	2	2	2	2	2	2	2	2	2	2	0	2	1	2	2	2	2	2	2	2	2	2	2	2	2	2	2	2	2	2	
TEAD1	2	2	2	0	2	1	0	2	2	2	2	0	2	2	2	2	2	2	2	2	1	2	2	0	2	2	2	2	0	2	0	2	2	2	2	2	2	1	2	2	2	2	0	1	2	0	2	2	2	1	2	2	1	2	2	0	2	2	1	2	2	2	2	2	2	2	2	2	0	2	2	2	2	1	1	2	1	2	2	2	1	2	2	2	1	2	2	2	2	2	2	2	0	2	2	2	2	2	2	2	0	2	2	1	2	2	2	2	0	2	2	2	0	0	2	2	2	2	2	1	2	2	2	2	2	2	2	0	2	2	2	2	2	2	1	2	2	2	2	2	0	2	2	0	2	2	2	2	1	2	2	2	2	2	2	2	2	2	2	0	2	2	2	0	2	2	2	2	2	2	2	2	2	2	2	2	2	2	0	
TEAD2	2	2	1	0	2	0	0	1	0	2	2	0	2	2	0	2	2	0	0	2	2	2	0	0	0	2	0	1	0	1	1	0	0	2	2	1	0	0	2	0	0	2	0	1	2	0	2	0	2	0	0	0	0	1	2	0	0	1	0	2	2	2	1	0	2	2	2	1	0	1	0	1	0	2	0	0	0	2	0	2	0	0	2	1	0	2	1	1	0	1	2	0	0	2	0	0	2	0	2	0	0	0	0	2	1	2	2	0	0	0	2	0	0	2	2	0	2	2	0	0	2	2	2	0	2	2	0	0	2	2	2	2	2	2	0	2	2	2	0	2	2	2	0	0	0	1	1	1	0	2	2	2	2	2	1	0	1	2	1	1	2	1	1	0	0	2	2	0	2	2	1	1	2	0	2	2	2	2	0	
TEAD3	2	2	2	0	2	1	2	2	2	2	2	0	2	2	2	2	2	2	2	2	1	2	2	2	2	2	2	2	0	2	2	1	2	2	2	2	2	2	2	2	1	2	0	2	2	2	2	1	2	2	2	2	2	2	2	2	2	2	1	2	2	2	2	2	2	2	2	2	0	2	2	2	2	1	0	2	2	2	2	2	0	1	2	2	1	2	2	2	2	2	2	2	2	2	2	2	2	2	2	2	2	2	2	2	2	2	1	2	0	2	2	2	0	2	2	2	2	2	2	1	2	2	2	2	2	2	1	2	2	2	2	2	2	2	2	2	2	2	2	2	2	2	2	0	2	1	2	2	1	2	2	2	2	2	2	2	2	2	2	0	2	2	2	0	2	2	2	2	2	2	2	2	2	2	2	2	2	2	2	
TFE3	2	2	1	0	2	1	0	2	2	2	2	0	2	2	2	1	2	2	1	2	1	2	2	2	2	2	2	2	1	2	2	1	2	2	2	2	2	0	2	0	1	2	0	2	2	0	2	1	2	2	2	2	2	0	2	2	2	2	2	2	2	2	2	2	2	2	2	2	2	2	2	2	2	0	2	2	0	2	2	2	0	2	2	2	0	2	2	2	1	2	2	2	2	2	0	2	2	2	2	2	1	2	2	0	2	2	2	2	0	2	2	2	0	2	2	2	2	2	2	0	2	2	2	2	2	2	2	2	2	2	0	2	2	2	2	1	2	2	2	2	0	2	2	0	2	2	2	2	0	2	2	2	1	2	2	2	2	2	2	0	2	2	2	2	2	2	2	2	2	2	0	2	2	2	2	2	2	2	2	
TGIF2	2	2	2	2	2	0	2	2	2	2	1	0	2	2	2	2	2	2	0	2	2	2	2	0	2	2	2	2	1	2	2	2	2	2	2	2	2	1	2	0	2	2	0	2	2	2	2	2	2	2	2	2	2	0	2	2	2	2	1	2	2	2	2	2	2	2	2	2	2	2	2	1	1	2	2	2	2	2	2	2	0	2	2	2	1	2	2	2	0	2	2	2	2	2	0	2	2	2	2	2	1	2	2	2	2	2	2	2	0	2	2	2	0	0	2	2	2	2	2	0	2	2	2	0	2	2	2	2	2	2	2	2	2	1	2	1	2	2	2	2	0	0	2	0	2	2	2	2	2	2	2	2	2	0	2	2	2	2	2	0	2	2	2	2	2	2	2	2	2	2	0	2	2	0	2	2	2	2	2	
TRIM22	2	2	2	2	1	1	1	2	2	2	2	2	2	2	2	2	2	2	2	2	2	2	2	2	2	2	2	2	1	2	2	2	2	2	2	2	2	2	2	2	2	2	2	2	2	2	2	1	2	2	2	2	2	2	2	2	2	2	2	2	2	2	2	2	2	2	2	2	2	2	2	2	1	2	2	2	2	2	2	2	1	2	2	2	2	2	2	2	2	2	2	2	2	2	2	2	2	2	2	2	2	2	2	2	2	2	2	2	1	2	2	2	0	2	2	2	2	2	2	1	2	2	2	2	2	2	1	2	2	2	2	2	2	1	2	2	2	2	2	2	2	2	0	0	2	1	2	2	2	2	2	2	2	2	2	2	2	2	2	1	2	2	2	2	2	2	2	2	2	2	0	2	2	2	2	2	2	2	2	
YY2	1	0	2	0	0	0	2	1	2	2	0	0	2	2	2	2	2	2	0	2	1	2	2	2	1	2	2	2	0	2	2	0	0	2	2	0	2	2	2	2	2	2	0	0	2	2	2	0	2	2	2	2	2	0	2	2	2	2	1	2	2	2	0	2	2	0	2	2	2	2	2	2	0	0	0	2	2	2	2	2	0	0	2	0	0	2	2	2	0	2	2	2	2	2	2	0	2	2	2	2	2	2	2	2	2	2	2	2	0	0	0	2	0	2	2	2	2	2	2	0	2	2	1	2	2	2	0	2	0	2	2	0	2	0	2	1	2	2	2	2	0	0	0	0	0	2	2	2	0	2	2	2	2	2	2	2	2	2	2	2	2	2	2	2	2	2	2	2	2	2	0	2	2	0	2	2	2	2	2	
ZBTB1	2	2	0	1	0	0	0	2	0	0	0	1	2	2	0	2	2	0	1	2	1	2	2	0	2	2	2	2	0	2	2	0	0	2	2	2	2	0	2	1	0	2	0	2	2	2	2	0	2	2	2	2	2	0	2	2	0	0	1	2	1	2	2	2	2	0	2	2	0	2	2	0	0	2	0	2	0	2	0	2	0	0	2	2	0	2	2	2	0	2	2	0	0	0	0	2	2	2	1	0	0	1	0	2	2	2	2	0	0	0	2	2	0	0	0	2	2	2	2	0	2	2	2	0	2	0	0	0	1	2	2	0	2	0	1	0	2	0	2	2	0	1	0	0	0	1	2	0	0	2	2	2	2	0	2	2	2	2	2	2	2	0	2	2	2	2	2	0	2	0	0	2	2	0	0	2	2	2	2	
ZBTB11	2	2	2	2	1	0	2	2	2	2	2	2	2	2	2	2	2	2	2	2	2	2	2	2	0	2	0	2	0	2	2	0	2	2	2	2	2	0	2	2	2	2	0	2	1	2	2	0	2	2	2	2	2	2	2	2	2	2	1	2	2	2	2	2	2	2	2	2	2	2	2	0	0	2	2	2	2	2	2	2	0	0	2	0	0	2	2	2	1	0	2	2	2	2	2	2	2	2	2	2	2	2	2	2	2	2	2	2	0	2	1	2	0	2	2	2	2	2	2	0	2	2	2	2	2	2	0	2	2	2	2	2	2	1	2	2	2	2	2	2	0	2	0	0	0	2	2	2	2	2	2	2	2	2	2	2	2	2	2	2	2	2	2	2	2	2	2	2	2	2	0	2	2	2	2	2	2	2	2	
ZBTB44	2	0	1	2	0	0	1	2	2	2	0	2	2	2	2	2	2	2	2	2	2	2	2	2	2	2	2	2	0	2	2	0	2	2	2	2	2	1	2	2	1	2	0	2	2	2	2	1	2	2	2	2	2	2	2	2	2	2	2	2	2	2	2	2	2	0	2	2	2	2	2	2	1	2	1	2	2	2	1	2	1	1	2	0	1	2	2	2	1	2	2	2	2	2	2	2	2	2	2	0	1	2	2	1	2	2	2	1	0	2	2	2	0	2	2	1	2	2	1	0	2	2	2	1	2	1	2	2	2	2	1	0	2	1	2	2	2	2	0	2	0	1	0	0	0	0	2	2	1	2	0	1	2	2	2	2	2	2	2	0	2	2	2	2	2	2	2	2	2	2	0	2	2	0	0	2	2	2	2	
ZC3H11A	0	0	0	0	0	0	0	0	2	2	1	0	2	2	0	1	1	0	0	2	1	0	0	2	0	2	0	2	0	0	0	0	0	2	2	2	2	0	2	0	0	2	0	0	2	0	2	0	2	2	0	2	0	1	2	0	2	0	0	2	1	2	1	1	2	0	2	2	0	2	1	0	0	0	0	2	0	2	0	1	0	1	2	2	0	2	1	1	1	1	2	2	0	2	1	1	2	2	2	0	0	2	0	0	2	2	2	2	0	2	1	2	0	0	1	2	2	0	1	0	2	2	2	0	2	0	0	0	2	2	0	2	2	1	0	0	1	2	0	0	0	1	0	0	0	2	0	0	0	2	1	0	2	0	2	2	2	2	2	0	2	2	2	0	2	2	2	0	2	2	0	2	2	0	2	2	2	2	1	
ZFHX2	2	2	2	2	2	0	2	2	2	2	2	1	2	2	2	2	2	2	2	2	2	2	2	2	2	2	2	2	0	2	2	2	2	2	2	2	2	2	2	2	2	2	2	2	2	2	2	2	2	2	2	2	2	2	2	2	2	2	2	2	2	2	2	2	2	2	2	2	2	2	2	2	2	2	2	2	2	2	2	2	2	2	2	2	2	2	2	2	2	2	2	2	2	2	2	2	2	2	2	2	2	2	2	2	2	2	2	2	1	2	2	2	0	2	2	2	2	2	2	1	2	2	2	2	2	2	2	2	2	2	2	2	2	2	2	2	2	2	2	2	0	2	0	0	0	2	2	2	2	2	2	2	2	2	2	2	2	2	2	2	2	2	2	2	2	2	2	2	2	2	2	2	2	0	2	2	2	2	2	
ZHX1	1	2	2	1	0	0	1	0	2	2	0	0	2	2	2	2	2	0	2	2	2	2	2	2	0	2	1	2	0	0	2	0	2	2	0	2	2	0	2	2	0	2	0	2	0	2	2	0	2	2	2	2	2	0	0	2	1	0	0	2	0	2	2	2	2	2	2	0	0	2	2	2	0	2	2	2	0	2	2	2	0	0	2	0	0	2	2	2	1	0	1	2	0	2	0	2	1	2	2	0	2	2	0	2	2	2	2	0	0	0	2	2	0	2	0	0	2	2	2	1	2	2	2	0	2	2	0	2	2	2	0	2	2	1	0	2	2	2	0	2	0	2	0	0	0	2	2	2	2	2	0	0	2	0	2	2	2	2	2	2	2	2	2	2	2	2	2	2	2	2	0	2	2	2	2	2	2	2	2	
ZMYM3	2	2	1	2	2	0	0	2	2	2	1	1	2	2	1	2	2	0	1	2	1	2	2	2	2	2	2	2	0	0	2	1	2	2	2	2	0	2	2	1	0	2	0	2	2	0	2	2	2	2	2	2	0	0	2	2	2	2	2	2	2	2	2	1	0	2	2	1	0	2	1	2	0	0	1	2	2	2	2	2	0	0	2	2	1	2	2	2	0	2	2	2	0	2	2	2	2	2	2	2	0	2	2	1	2	2	0	2	0	1	2	2	0	1	2	2	2	2	2	2	2	2	2	2	2	2	1	2	2	2	0	2	2	2	2	2	2	2	2	2	0	1	0	0	0	1	2	2	2	2	2	1	2	2	2	2	2	2	2	2	2	2	2	2	2	2	2	2	2	2	0	2	2	0	2	2	2	2	2	
ZNF114	0	0	0	0	0	0	0	0	0	2	0	0	0	0	0	0	2	0	0	0	0	0	0	0	1	0	0	2	0	0	0	0	0	1	0	0	0	0	0	1	0	0	0	0	0	0	0	0	1	0	2	0	0	0	0	2	0	0	0	0	0	0	0	0	0	0	0	0	0	1	0	0	0	0	0	0	0	0	0	1	0	0	0	0	0	0	0	0	0	2	2	0	0	0	0	0	0	2	0	0	0	1	0	0	1	0	0	0	1	0	0	1	0	0	0	0	2	0	0	0	1	0	0	0	0	0	0	0	0	0	0	0	0	0	0	0	2	0	0	0	0	0	0	0	0	0	0	0	0	0	0	0	2	0	0	0	0	0	2	0	0	0	0	2	1	0	1	2	0	2	0	0	2	0	0	2	2	0	0	
ZNF121	2	0	2	2	1	0	1	2	0	2	2	2	2	2	2	1	2	0	2	2	2	2	2	2	2	2	1	2	0	2	2	2	2	2	2	2	2	0	2	1	0	2	0	2	2	2	2	0	2	2	2	2	2	2	2	2	0	0	0	2	2	2	2	2	2	2	2	2	2	2	2	0	0	1	2	2	2	2	2	2	0	0	2	0	0	2	2	2	1	2	2	2	0	2	1	2	2	2	2	2	0	2	2	2	2	2	2	1	0	0	2	2	0	2	2	2	2	2	2	1	2	2	2	2	2	2	0	2	2	2	2	2	2	1	2	1	2	2	2	2	0	1	0	0	0	2	2	0	2	2	2	2	2	2	2	2	2	2	2	2	2	2	2	2	2	2	2	2	2	2	0	2	2	0	0	2	2	2	2	
ZNF133	0	0	0	0	1	0	2	0	0	0	0	0	2	2	0	1	0	2	0	2	0	2	1	0	0	1	2	2	0	0	2	0	0	2	2	1	2	2	0	1	0	2	0	0	1	0	0	0	2	1	0	0	0	0	0	2	2	2	0	2	1	0	0	0	2	0	2	0	2	2	0	0	0	0	0	2	0	2	1	1	0	2	2	0	0	2	2	0	0	1	2	0	0	0	0	0	2	2	2	0	1	2	0	0	1	2	2	2	1	1	2	2	0	0	0	1	2	0	2	0	2	2	1	0	2	1	0	2	0	0	0	0	2	1	1	1	0	2	0	2	0	0	0	0	0	0	2	1	0	2	2	0	0	2	2	2	2	2	2	0	2	2	2	0	0	2	2	2	0	2	0	2	2	0	0	2	2	2	0	
ZNF140	2	0	0	1	0	0	0	2	0	2	1	0	2	2	0	0	2	0	0	1	0	2	0	0	0	0	0	1	0	0	0	0	0	1	2	2	0	0	0	0	0	2	0	0	1	0	0	0	2	2	0	0	0	1	0	2	1	0	0	2	0	1	0	1	2	2	0	1	0	2	0	0	0	0	0	2	0	1	0	0	0	0	2	0	0	1	2	1	1	1	2	0	0	0	1	1	1	2	0	0	0	1	0	1	2	2	2	2	0	2	0	2	0	0	1	0	2	0	1	0	2	0	0	0	0	0	0	0	1	0	0	0	1	1	1	0	0	0	0	0	0	0	0	0	0	2	1	2	0	2	1	0	2	0	2	0	0	2	2	0	1	2	0	2	0	2	2	2	1	2	0	2	2	0	0	2	2	0	1	
ZNF143	2	2	2	1	2	1	1	2	2	2	2	2	2	2	2	2	2	2	2	2	2	2	2	2	2	2	2	2	1	2	2	2	2	2	2	2	2	2	2	2	1	2	1	2	2	2	2	1	2	2	2	2	2	2	2	2	2	2	2	2	1	2	2	2	2	2	2	2	2	2	2	2	2	2	2	2	2	2	2	2	0	0	2	2	2	2	2	2	2	2	2	2	2	2	2	2	2	2	2	2	2	2	2	2	2	2	2	2	0	2	2	2	0	2	2	2	2	2	2	1	2	2	2	2	2	2	2	2	2	2	2	2	2	2	2	2	2	2	2	2	2	2	0	0	1	2	2	2	2	2	2	2	2	2	2	2	2	2	2	1	2	2	2	2	2	2	2	2	2	2	1	2	2	2	2	2	2	2	2	
ZNF146	2	0	0	0	1	0	0	1	2	2	0	0	2	2	2	2	2	2	2	2	2	2	2	0	2	2	2	2	0	2	2	0	0	2	2	2	0	2	2	2	0	2	0	2	1	0	2	1	2	2	2	2	0	1	2	2	0	1	1	0	1	2	2	2	2	2	2	2	2	2	2	0	0	2	1	2	2	2	2	2	0	1	2	0	0	2	2	2	1	1	2	0	0	2	2	2	2	2	2	1	0	2	1	0	2	2	2	0	0	1	2	2	0	2	2	2	2	0	1	0	2	2	1	1	1	0	0	2	1	2	0	0	2	1	2	0	2	2	2	2	0	1	0	0	0	2	2	2	2	2	2	2	2	0	2	2	2	2	2	0	2	2	2	2	2	2	2	2	2	2	0	2	2	0	0	2	2	2	2	
ZNF157	0	0	0	0	0	0	0	0	2	0	0	0	2	2	2	1	0	2	2	0	0	2	0	0	2	0	2	2	0	0	2	0	0	2	0	0	0	0	0	0	0	2	0	0	1	0	0	0	1	2	0	2	0	0	2	0	2	0	0	2	0	0	0	1	0	0	2	0	0	0	0	0	0	0	0	2	2	2	0	1	0	0	2	0	0	2	0	0	0	1	2	0	0	0	0	0	0	2	1	0	0	2	0	0	1	2	0	2	0	0	0	2	0	0	0	0	2	0	0	0	2	0	2	0	0	0	0	1	0	2	0	0	0	1	1	1	2	0	0	0	0	0	0	0	0	0	0	0	0	2	2	0	0	0	2	0	2	0	2	0	0	1	2	0	0	2	2	2	1	2	0	2	2	0	0	2	2	2	0	
ZNF217	2	2	2	2	1	0	1	2	2	2	2	2	2	2	2	2	2	2	2	2	2	2	2	2	2	2	2	2	0	2	2	2	2	2	2	2	2	2	2	2	2	2	0	2	2	2	2	2	2	2	2	2	2	2	2	2	2	2	2	2	2	2	2	2	2	2	2	2	2	2	2	2	2	2	2	2	1	2	2	2	2	2	2	2	2	2	2	2	2	2	2	2	2	2	2	2	2	2	2	2	2	2	2	2	2	2	2	2	1	2	2	2	0	2	2	2	2	2	2	1	2	2	2	2	2	2	2	2	2	2	2	2	2	2	2	2	2	2	2	2	1	2	0	0	1	2	2	2	2	2	2	2	2	2	2	2	2	2	2	2	2	2	2	2	2	2	2	2	2	2	0	2	2	2	2	2	2	2	2	
ZNF23	0	0	0	0	0	0	0	0	0	0	0	0	1	2	0	0	2	0	0	0	0	2	0	0	0	0	0	0	0	0	0	0	0	2	0	2	0	0	0	0	0	0	0	0	0	0	0	0	2	2	0	0	2	0	0	0	0	0	0	2	0	0	0	0	0	0	2	0	0	0	0	0	0	1	0	2	0	2	0	0	0	0	2	0	0	2	0	2	0	1	2	0	0	0	0	0	0	0	0	0	0	0	0	0	1	0	0	0	0	0	0	2	0	0	0	0	2	0	0	0	2	0	0	0	0	0	0	0	0	0	0	0	0	0	1	1	2	2	0	2	0	0	0	0	0	0	0	2	0	2	2	2	0	0	2	0	2	0	2	0	0	0	2	0	0	2	2	0	2	2	0	2	2	0	0	2	2	2	0	
ZNF26	0	0	0	0	2	0	0	0	0	0	0	0	0	0	0	1	0	0	0	2	0	2	0	0	0	0	2	1	0	0	0	0	0	0	0	0	0	0	0	0	0	1	0	0	0	0	0	0	1	1	0	0	0	1	0	0	0	1	0	0	2	0	0	0	2	0	0	0	0	0	0	0	0	1	0	0	0	0	0	0	0	1	2	0	0	2	0	0	0	1	0	0	0	1	0	0	0	1	0	0	0	0	1	0	1	0	0	0	0	0	0	2	0	1	0	0	2	0	2	0	2	0	1	0	0	0	0	0	0	0	1	0	1	0	2	2	0	2	0	0	0	0	0	0	0	0	0	0	0	0	0	2	0	0	2	0	1	0	2	0	0	1	0	1	2	0	2	0	0	0	0	0	0	0	0	2	2	0	1	
ZNF280C	0	0	0	0	0	0	0	0	0	0	0	0	2	0	0	0	0	0	0	2	0	2	0	0	0	0	0	0	0	0	0	0	0	1	0	0	0	0	0	0	0	2	0	0	0	0	0	0	2	0	0	0	0	0	0	0	0	0	0	2	0	0	0	1	0	0	2	0	0	2	0	0	0	0	0	0	0	2	0	0	0	0	0	0	0	0	0	2	0	0	0	0	0	0	0	0	1	1	0	0	1	0	0	0	1	0	0	0	0	0	0	2	0	0	0	0	2	0	1	0	0	2	0	0	0	0	0	0	0	0	0	0	0	0	0	0	0	2	0	2	0	0	0	0	0	0	0	0	0	0	0	0	2	0	0	0	2	0	2	0	2	0	2	0	0	2	0	1	0	2	0	0	2	0	0	0	2	2	0	
ZNF335	2	2	2	2	0	0	2	2	2	2	2	2	2	2	2	2	2	2	2	2	2	2	2	2	2	2	2	2	0	2	2	2	2	2	2	2	2	2	2	2	2	2	0	2	2	2	2	2	2	2	2	2	2	2	2	2	2	2	2	2	2	2	2	2	2	2	2	2	2	2	2	2	2	2	2	2	2	2	2	2	2	2	2	2	2	2	2	2	2	2	2	2	2	2	2	2	2	2	2	2	2	2	2	2	2	2	2	2	2	2	2	2	0	2	2	2	2	2	2	1	2	2	2	2	2	2	2	2	2	2	2	2	2	1	2	2	2	2	2	2	2	2	0	0	0	2	2	2	2	2	2	2	2	2	2	2	2	2	2	2	2	2	2	2	2	2	2	2	2	2	2	2	2	2	2	2	2	2	2	
ZNF433	0	0	0	0	0	0	0	2	0	0	0	0	0	1	0	0	1	0	0	2	0	0	0	0	0	0	0	2	0	0	0	0	0	1	0	2	0	0	0	0	0	0	0	0	0	0	0	0	2	2	0	2	0	0	2	0	0	0	0	0	0	0	0	0	0	0	0	0	0	0	0	0	0	0	0	1	0	2	0	0	0	0	0	0	0	0	0	0	0	0	2	0	0	0	0	1	1	0	0	0	0	2	0	0	2	0	0	2	0	0	0	2	0	0	0	0	2	0	1	0	2	2	0	0	0	0	0	0	1	2	0	0	0	1	0	0	0	2	0	2	0	0	0	0	0	2	2	2	0	1	1	0	2	0	2	0	0	2	2	0	2	0	0	0	2	0	2	0	0	0	0	2	0	0	0	2	2	0	0	
ZNF48	2	2	2	2	2	0	0	2	2	2	2	0	2	2	2	2	2	2	2	2	2	2	2	2	2	2	2	2	1	2	2	2	2	2	2	2	2	2	2	2	2	2	0	2	2	2	2	0	2	2	2	2	2	2	2	2	2	2	0	2	2	2	2	2	2	2	2	2	2	2	2	2	2	2	2	2	2	2	2	2	0	2	2	2	2	2	2	2	2	2	2	2	2	2	2	2	2	2	2	2	2	2	2	2	2	2	2	2	0	2	2	2	0	2	2	2	2	2	2	1	2	2	2	2	2	2	2	2	2	2	2	2	2	2	2	2	2	2	0	2	0	2	2	0	2	2	2	2	1	2	2	2	2	2	2	2	2	2	2	0	2	2	2	2	2	2	2	2	2	2	2	2	2	2	2	2	2	2	2	
ZNF511	2	2	2	0	2	1	0	2	2	2	0	0	2	2	2	2	2	1	2	2	1	2	2	2	1	2	2	2	1	2	2	2	2	2	2	1	2	0	2	2	0	2	0	2	2	2	2	0	2	2	2	2	2	2	2	1	2	2	0	2	2	2	2	2	2	2	2	2	2	2	2	2	2	2	2	2	0	2	2	2	0	2	2	2	0	2	2	2	2	2	2	2	2	2	2	2	2	2	2	2	0	2	2	0	2	2	0	2	0	2	2	2	0	2	2	2	2	2	2	0	2	2	2	2	2	2	1	0	2	2	2	2	2	1	1	2	2	2	2	2	2	1	1	0	2	2	2	2	2	2	2	2	2	2	2	2	2	2	2	0	2	2	2	2	2	2	2	2	2	2	2	2	2	0	2	2	2	2	2	
ZNF513	1	0	0	0	0	0	2	2	2	0	0	0	2	2	0	2	2	2	1	2	2	2	1	2	0	0	1	2	0	2	2	0	0	2	2	2	0	1	0	1	0	2	0	0	0	0	2	0	2	2	0	0	0	0	2	2	1	2	2	2	2	2	0	2	2	0	2	2	0	2	2	0	0	2	0	2	2	0	0	2	0	0	2	0	2	2	2	2	1	2	2	2	0	2	0	1	0	2	2	0	2	2	2	1	2	2	2	1	1	0	2	2	0	1	0	2	2	0	2	0	2	2	2	0	2	2	2	2	0	2	2	0	2	1	1	2	2	2	2	2	0	1	0	0	0	0	0	2	0	2	2	0	2	1	2	2	2	2	2	1	2	2	2	2	2	2	2	2	2	0	0	2	2	0	0	2	2	2	0	
ZNF547	0	0	0	0	0	0	1	2	0	0	2	2	2	2	2	2	2	0	1	2	0	2	1	0	0	0	0	2	0	0	2	0	0	2	2	2	0	0	0	2	0	2	0	2	0	0	0	0	0	2	0	0	0	0	2	2	0	0	0	1	0	2	0	2	2	0	2	1	0	2	2	0	0	1	0	2	0	0	1	0	0	0	2	0	1	0	2	2	1	2	2	0	0	2	1	0	2	2	2	2	0	1	0	0	2	2	0	2	1	0	0	2	0	1	0	2	2	0	1	0	2	2	0	0	2	0	0	2	1	2	0	0	0	0	2	2	2	2	2	0	0	0	0	0	0	0	0	2	0	2	0	0	2	0	2	2	2	0	2	0	2	2	2	2	2	2	2	0	2	2	0	2	2	0	0	2	2	2	0	
ZNF560	0	0	0	0	0	0	0	0	0	0	2	0	0	2	0	0	1	0	0	1	0	0	2	2	0	0	2	2	0	0	2	0	0	2	0	2	0	0	0	0	0	0	0	0	0	0	0	0	2	2	1	0	0	0	0	0	2	0	0	2	0	0	0	0	0	0	2	2	0	0	0	0	0	1	0	1	0	1	0	0	0	0	2	0	0	2	0	0	1	1	2	0	0	0	1	1	1	2	0	0	0	1	0	0	2	0	0	0	0	0	0	0	0	0	0	0	2	0	1	0	2	0	0	0	2	0	0	0	1	1	2	0	1	0	0	0	1	0	0	0	0	0	0	0	0	2	2	0	0	0	1	0	2	0	2	2	2	2	2	0	0	0	2	0	0	2	2	0	0	0	0	2	2	0	0	2	2	2	0	
ZNF561	2	2	0	2	0	0	2	2	2	2	2	2	2	2	2	2	2	0	2	2	2	2	2	2	1	2	2	2	0	2	2	0	0	2	2	2	2	2	2	2	2	2	1	2	2	2	2	0	2	2	2	2	2	2	2	2	2	2	1	2	2	2	2	2	2	2	2	2	2	2	2	0	2	2	2	2	2	2	2	2	2	0	2	0	0	2	2	2	1	2	2	2	2	2	2	2	2	2	2	2	2	2	2	2	2	2	2	2	0	2	2	2	0	2	2	2	2	2	2	0	2	2	2	2	2	2	2	2	2	2	2	2	2	2	2	2	2	2	2	2	0	2	0	0	0	0	2	2	2	2	2	2	2	2	2	2	2	2	2	2	2	2	2	2	2	2	2	2	2	2	2	2	2	0	2	2	2	2	2	
ZNF580	2	2	2	2	2	1	2	2	2	2	2	2	2	2	2	2	2	2	2	2	2	2	2	2	2	2	2	2	1	2	2	1	2	2	2	2	2	2	2	1	2	2	0	2	2	2	2	2	2	2	2	2	2	2	2	2	2	2	1	2	2	2	2	2	2	2	2	2	2	2	2	2	2	1	2	2	2	2	2	2	0	2	2	2	0	2	2	2	2	2	2	2	2	2	2	2	2	2	2	2	1	2	2	2	2	2	2	2	2	2	2	2	0	2	2	2	2	2	2	0	2	2	2	0	2	2	2	2	2	2	2	2	2	2	2	2	2	2	2	2	0	2	1	0	2	2	2	2	1	2	2	2	2	2	2	2	2	2	2	2	2	2	2	2	2	2	2	2	2	2	2	2	2	0	2	2	2	2	2	
ZNF670	0	0	0	0	0	0	0	0	0	0	0	0	0	0	0	0	0	0	0	0	0	2	0	0	0	0	0	2	0	0	0	0	0	0	0	2	0	0	0	0	0	0	0	0	0	0	0	0	1	0	2	0	0	0	0	0	0	0	0	0	0	0	0	0	0	0	2	0	0	2	2	0	0	0	0	2	0	2	0	0	0	0	0	0	0	2	0	0	0	0	2	0	0	0	0	1	0	2	0	2	0	0	0	0	1	0	1	0	0	0	0	0	0	0	0	0	1	0	0	0	2	2	0	0	0	0	0	0	0	0	0	0	0	0	0	0	0	0	0	2	0	0	0	0	0	0	0	0	0	2	0	0	0	0	0	0	0	0	2	0	2	0	0	0	2	2	2	2	0	0	0	0	2	0	0	2	2	0	0	
ZNF692	2	2	2	2	1	0	2	2	2	2	2	2	2	2	2	2	2	2	2	2	2	2	2	2	2	2	2	2	0	2	2	2	2	2	2	2	2	2	2	2	1	2	0	2	2	2	2	0	2	2	2	2	2	2	2	2	2	2	1	2	2	2	2	2	2	2	2	2	2	2	2	2	0	2	2	2	2	2	2	2	2	2	2	2	1	2	2	2	2	2	2	2	2	2	2	2	2	2	2	2	2	2	1	2	2	2	2	2	2	2	2	2	0	2	2	2	2	2	2	1	2	2	2	2	2	2	0	2	2	2	2	2	2	1	2	2	2	2	2	2	0	2	0	0	0	2	2	2	2	2	2	2	2	2	2	2	2	2	2	2	2	2	2	2	2	2	2	2	2	2	2	2	2	0	2	2	2	2	2	
ZNF768	0	2	0	2	0	0	0	0	0	2	0	0	2	2	0	2	2	2	2	2	0	2	2	0	2	0	1	2	0	2	2	0	0	2	0	0	0	0	2	1	0	1	0	2	0	0	2	0	2	1	0	2	0	0	0	0	2	1	0	2	2	0	0	1	2	0	2	0	0	0	2	0	0	2	0	2	0	0	0	2	2	0	2	0	0	2	0	2	0	0	2	2	0	0	0	2	0	1	0	0	0	2	0	2	0	2	0	2	0	1	0	2	0	1	2	0	2	0	1	0	0	0	1	0	2	1	0	2	1	2	0	1	2	0	2	2	2	2	0	2	0	0	0	0	0	1	0	0	1	2	0	0	0	2	2	0	2	2	2	0	2	2	2	0	1	2	2	0	0	2	0	2	2	0	0	2	2	2	0	
ZNF785	2	0	0	0	0	0	2	2	2	2	0	0	2	2	2	2	2	2	0	0	2	2	2	2	1	2	2	2	0	2	2	0	0	2	2	2	2	2	2	2	0	2	0	0	0	2	0	0	2	2	2	2	0	0	2	2	2	0	0	2	0	0	2	1	2	0	2	2	0	2	2	2	0	0	0	2	0	2	2	2	2	0	2	0	0	2	0	2	0	2	2	2	0	2	0	2	2	2	2	2	0	2	0	2	1	2	2	2	0	0	0	2	0	2	0	2	2	0	0	0	2	2	2	2	2	0	0	0	2	2	1	0	2	0	0	2	2	2	0	2	0	0	0	0	0	2	2	2	0	2	2	0	2	2	2	2	2	0	2	2	2	2	2	2	2	2	2	2	2	2	0	2	2	0	0	2	2	2	2	
ZSCAN4	2	2	2	1	0	0	0	2	2	2	0	2	2	2	2	2	2	2	2	2	2	2	2	2	1	0	2	2	0	2	2	0	2	2	2	2	0	2	2	1	0	2	0	1	2	2	2	2	2	2	2	2	2	2	2	2	2	2	1	2	2	2	2	2	2	2	2	2	2	2	2	2	0	2	0	2	2	2	2	2	0	0	2	0	0	2	2	2	0	2	2	1	2	2	2	2	2	2	2	2	0	2	0	2	2	2	2	1	2	1	2	2	0	2	2	2	2	0	2	0	2	2	2	2	2	2	0	0	2	2	0	2	2	2	2	2	2	2	2	2	0	1	0	0	0	2	2	2	2	2	2	2	2	0	2	2	2	2	2	0	2	2	2	2	2	2	2	2	2	2	0	2	2	0	0	2	2	2	2	
ZZZ3	0	0	0	0	0	0	1	0	0	0	0	0	0	0	0	0	0	0	0	0	0	0	0	0	0	0	0	0	0	0	0	0	0	0	0	0	0	0	0	0	0	0	1	0	0	0	0	0	0	0	0	0	0	0	0	0	0	0	0	0	0	0	0	0	0	0	0	2	0	0	0	0	0	0	0	0	0	0	0	0	0	0	0	0	0	0	0	0	1	0	0	0	0	0	0	0	0	0	0	0	0	0	0	0	0	2	0	0	0	0	0	0	0	0	0	0	0	0	0	0	0	0	0	0	0	0	0	0	0	0	0	0	0	0	0	0	0	0	0	0	0	0	0	0	0	0	0	0	0	0	0	0	0	0	0	0	0	0	0	0	1	0	0	0	0	0	0	0	2	0	0	0	0	0	0	0	0	0	0	