	ACAA1	ACADVL	ACOX3	AGPAT1	AGPAT3	ALDH9A1	ARL1	ARSA	ATF7	BCL11A	CAVIN1	CBR3	CC2D1A	CERS2	CERS4	CERS5	CHKB	CPT1B	CPT1C	CPT2	CYP27A1	CYP3A5	DGAT1	DGKA	DGKQ	ECHS1	ELF1	FAS	FOSL2	GBA2	GBF1	GLA	GPD2	GTF2F1	HACD2	HACD3	HACD4	HADHB	HLTF	HMGCL	HSD11B1L	HSD3B7	IRF3	JMJD7-PLA2G4B	L3MBTL2	LCAT	LPCAT1	LPCAT3	MAX	MBD1	MBD2	MBOAT7	MECR	MIER1	NR2F1	PCYT1A	PISD	PLA2G6	PLAAT3	PLD1	PLD2	PLD3	PLPP5	PNPLA2	PNPLA6	PPT1	PSAP	PTDSS2	SCP2	SIN3B	SLC27A5	SMPD1	SNIP1	SNRNP70	SPHK1	SPTLC1	SRF	SUPT5H	TEAD1	TECR	THAP11	THRB	TRIM25	USF2	ZBTB48	ZC3H8	ZMYM3	ZNF157	ZNF174	ZNF205	ZNF211	ZNF223	ZNF248	ZNF300	ZNF311	ZNF324	ZNF37A	ZNF423	ZNF444	ZNF491	ZNF524	ZNF580	ZNF585B	ZNF600	ZNF621	ZNF623	ZNF692	ZNF7	ZNF701	ZNF747	ZNF776
ATF7	2	2	2	2	2	2	2	2	2	2	2	2	2	2	2	2	2	2	2	2	2	2	2	2	2	2	2	2	2	2	2	2	2	2	2	2	2	2	2	2	2	2	2	2	2	2	2	2	2	2	2	2	2	2	2	2	2	2	2	2	2	2	2	2	2	2	2	2	1	2	2	2	2	2	2	2	2	2	2	2	2	2	2	2	2	2	2	2	2	2	2	2	2	2	2	2	2	1	2	2	2	2	2	2	2	2	2	2	2	2	2	
BCL11A	0	2	2	2	2	0	2	2	2	2	2	2	2	2	2	2	2	2	2	1	2	2	0	2	2	2	2	2	2	2	2	2	2	2	1	2	1	2	2	2	2	2	2	2	2	2	2	2	2	2	2	2	2	2	2	2	2	2	2	2	2	2	2	2	2	2	2	2	1	2	2	2	2	2	2	2	2	2	1	2	2	2	0	2	2	0	2	2	2	2	2	2	0	2	2	2	1	0	0	2	2	2	2	2	2	2	2	2	2	2	2	
CAVIN1	0	0	0	2	2	0	0	0	2	0	2	0	0	0	0	0	0	0	2	0	0	1	0	0	0	0	0	0	1	2	2	0	1	2	0	0	0	0	0	0	2	2	2	0	0	0	0	2	1	0	0	2	2	0	0	2	0	0	2	2	0	0	0	0	0	2	2	0	0	2	0	1	2	2	2	0	1	2	2	0	2	2	0	2	2	0	0	0	0	0	2	1	0	2	2	2	0	0	0	2	0	0	0	2	0	2	0	2	2	2	2	
CC2D1A	2	2	1	2	2	2	2	2	2	0	2	2	2	2	2	2	2	2	2	2	2	2	2	2	2	2	2	1	2	2	2	2	2	2	2	2	0	2	2	2	2	2	2	2	2	2	1	2	2	2	1	2	2	2	0	2	2	2	2	2	2	2	1	0	1	2	2	2	1	2	2	2	2	2	2	2	2	2	2	2	2	2	2	2	2	2	2	0	2	2	2	2	2	2	2	2	2	2	2	2	2	2	2	2	2	2	2	2	2	2	2	
ELF1	2	2	2	2	2	2	2	2	2	2	2	2	2	2	2	2	2	2	2	2	2	2	2	2	2	2	2	2	2	2	2	2	2	2	2	2	2	2	2	2	2	2	2	2	2	2	2	2	2	2	2	2	2	2	2	2	2	2	2	2	2	2	2	2	2	2	2	2	2	2	2	2	2	2	2	2	2	2	2	2	2	2	2	2	2	2	2	2	2	2	2	2	2	2	2	2	2	2	2	2	2	2	2	2	2	2	2	2	2	2	2	
FOSL2	2	2	2	2	2	2	2	2	2	2	2	1	2	2	2	2	2	2	2	2	2	2	2	1	2	2	2	2	2	2	2	0	2	2	1	2	2	2	2	2	2	2	2	2	2	2	2	2	2	2	1	2	2	2	1	2	2	2	2	2	2	2	0	2	0	2	2	2	2	2	2	2	2	2	2	2	2	2	2	2	2	1	2	2	2	2	2	1	2	2	2	2	2	2	2	2	0	1	2	2	1	2	2	0	2	2	2	2	2	2	2	
GTF2F1	2	2	2	2	2	2	2	2	2	0	2	2	2	2	2	2	2	2	2	2	2	2	2	2	2	2	2	2	2	2	2	2	2	2	2	2	2	2	2	2	2	2	2	2	2	2	2	2	2	2	0	2	2	2	2	2	2	2	2	2	2	2	2	2	2	2	2	2	2	2	2	2	2	2	2	2	2	2	2	2	2	2	2	2	2	2	2	2	2	2	2	2	2	2	2	2	2	2	2	2	2	2	2	2	2	2	2	2	2	2	2	
HLTF	1	0	0	2	2	2	2	2	2	0	2	0	2	2	2	2	2	2	2	2	2	2	0	2	2	2	2	0	2	2	2	2	2	2	2	2	0	2	1	2	2	2	2	2	2	2	2	2	2	1	0	2	2	2	0	2	0	2	2	1	2	2	2	2	0	2	2	2	1	2	2	0	2	2	2	2	2	2	0	2	2	0	2	2	2	2	2	0	2	2	2	2	0	2	2	2	0	2	2	2	1	2	2	2	2	2	2	2	2	2	2	
IRF3	2	2	0	2	2	0	0	0	2	0	2	0	2	0	1	2	2	2	2	0	2	0	2	0	2	0	2	0	2	2	2	2	0	2	0	2	0	2	2	2	2	2	2	0	2	2	2	2	0	2	0	2	2	2	0	2	2	2	2	0	2	2	0	2	2	2	2	2	0	2	2	2	2	2	2	2	2	2	0	2	2	0	2	2	2	2	2	2	2	2	2	2	0	2	2	2	0	0	2	2	2	2	2	2	0	2	2	2	2	2	2	
L3MBTL2	2	2	2	2	2	2	2	2	2	2	2	2	2	2	2	2	2	2	2	2	2	2	2	2	2	2	2	2	2	2	2	2	2	2	2	2	2	2	2	2	2	2	2	2	2	2	2	2	2	2	1	2	2	2	2	2	2	2	2	2	2	2	2	2	2	2	2	2	2	2	2	2	2	2	2	2	2	2	2	2	2	2	2	2	2	2	2	2	2	2	2	2	2	2	2	2	2	2	2	2	2	2	2	2	2	2	2	2	2	2	2	
MAX	2	2	2	2	2	2	2	2	2	2	2	2	2	2	2	2	2	2	2	2	2	2	2	2	2	2	2	2	2	2	2	2	2	2	2	2	2	2	2	2	2	2	2	2	2	2	2	2	2	2	2	2	2	2	2	2	2	2	2	2	2	2	2	2	2	2	2	2	2	2	2	2	2	2	2	2	2	2	2	2	2	2	2	2	2	2	2	2	2	2	2	2	2	2	2	2	2	1	2	2	2	2	2	2	2	2	2	2	2	2	2	
MBD1	0	1	2	2	2	2	2	2	2	2	2	1	2	2	2	2	2	2	2	2	2	2	2	2	2	2	2	1	2	2	2	0	2	2	1	2	2	2	2	2	2	2	2	2	2	2	2	2	2	2	1	2	2	2	2	2	2	2	2	2	2	2	2	2	2	2	2	2	2	2	2	2	2	2	2	2	2	2	2	2	2	2	2	2	2	2	0	2	2	2	2	2	2	2	2	2	0	1	2	2	2	2	2	2	2	2	2	2	2	2	2	
MBD2	2	2	2	2	2	2	2	2	2	0	2	0	2	2	2	2	2	1	2	2	2	2	2	1	0	2	2	0	2	2	2	2	2	2	2	2	0	2	2	2	2	2	2	2	2	2	2	2	2	2	0	2	2	2	0	2	2	2	2	2	2	2	2	2	2	2	2	2	1	2	2	2	2	2	2	2	2	2	2	2	2	2	2	2	2	2	2	2	2	2	2	2	2	2	2	2	2	0	2	2	2	2	2	2	2	2	2	2	2	2	2	
MIER1	0	2	0	2	2	2	2	2	2	0	2	0	0	2	2	2	2	2	2	2	2	2	2	2	2	2	0	0	2	2	2	0	2	2	2	2	0	0	0	0	2	2	2	2	0	2	0	0	2	2	0	2	2	2	0	2	0	0	1	0	2	2	0	0	2	2	2	0	0	2	2	0	2	2	2	2	2	2	0	2	2	1	0	2	2	2	2	2	2	2	2	2	0	2	2	2	0	2	2	2	2	2	0	2	0	2	0	2	2	2	2	
NR2F1	2	2	2	2	2	2	2	2	2	2	2	2	2	2	2	2	2	2	2	2	2	2	2	2	2	2	2	2	2	2	2	2	2	2	2	2	2	2	2	2	2	2	2	2	2	2	2	2	2	2	2	2	2	2	2	2	2	2	2	2	2	2	2	2	2	2	2	2	1	2	2	2	2	2	2	2	2	2	2	2	2	2	2	2	2	2	2	2	2	2	2	2	2	2	2	2	2	1	2	2	2	2	2	2	2	2	2	2	2	2	2	
SIN3B	2	2	2	2	2	2	2	2	2	0	2	2	2	2	2	2	2	2	2	2	2	2	2	2	2	2	2	2	2	2	2	2	2	2	2	2	2	2	2	2	2	2	2	2	2	2	2	2	2	2	0	2	2	2	0	2	2	2	0	1	2	2	2	2	2	2	2	2	2	2	2	2	2	2	2	2	2	2	0	2	2	0	2	2	2	2	2	2	2	2	2	2	2	2	2	2	0	0	2	2	2	2	2	2	2	2	2	2	2	2	2	
SNIP1	0	0	0	2	1	2	0	2	2	0	2	0	0	2	0	2	2	2	2	0	2	2	0	2	0	2	2	0	2	2	2	2	0	2	0	2	0	0	0	0	2	2	2	0	2	2	0	2	0	0	0	2	2	2	0	0	2	0	1	0	0	2	0	0	2	2	2	0	0	2	0	0	2	2	2	0	2	2	0	2	0	0	0	0	0	0	0	0	2	2	0	2	0	2	2	0	0	2	2	2	0	2	0	2	2	2	2	2	2	2	2	
SNRNP70	0	0	0	2	0	0	0	0	2	0	1	0	0	0	0	0	0	0	2	0	2	0	0	0	0	0	0	0	2	0	0	0	0	1	0	2	0	0	0	0	0	0	2	0	0	0	0	2	0	0	0	2	0	0	0	0	0	0	0	0	0	2	0	2	0	0	0	0	0	2	0	0	0	0	2	0	0	2	0	0	0	0	0	0	0	0	0	0	2	2	0	0	0	0	0	2	0	0	0	2	0	1	0	0	0	2	0	2	0	2	2	
SRF	0	0	2	0	2	0	0	2	2	2	2	0	0	2	0	2	2	0	2	2	2	0	0	0	0	2	2	0	2	2	2	0	2	2	0	2	0	0	0	0	2	2	2	2	2	2	0	2	0	2	0	0	2	0	2	2	0	2	2	0	2	2	0	2	2	2	0	2	2	2	2	2	0	2	2	2	2	2	1	0	2	0	2	0	2	0	0	0	2	2	2	2	1	2	0	2	0	0	0	2	0	2	2	2	1	2	0	2	2	2	2	
SUPT5H	2	2	2	2	2	2	2	2	2	0	2	2	2	2	2	2	2	2	2	2	2	2	2	2	2	2	2	0	2	2	2	2	2	2	2	2	0	2	2	2	2	2	2	2	2	2	2	2	2	2	0	2	2	2	0	2	2	2	0	2	2	2	2	2	2	2	2	2	2	2	2	2	2	2	2	2	2	2	2	2	2	2	2	2	2	2	2	2	2	2	2	2	2	2	2	2	2	2	2	2	2	2	2	2	2	2	2	2	2	2	2	
TEAD1	2	2	2	2	2	2	2	2	2	2	2	2	0	2	2	2	2	2	2	2	2	2	2	2	2	2	2	1	2	2	2	0	2	2	2	2	1	2	2	2	2	2	2	2	2	2	2	2	2	2	1	2	2	2	2	2	2	2	2	2	2	2	0	0	2	2	2	2	2	2	2	2	2	2	2	2	2	2	2	2	2	2	2	2	2	2	2	1	2	2	2	2	1	2	2	2	0	1	2	2	2	2	2	2	2	2	2	2	2	2	2	
THAP11	2	2	2	2	2	2	2	2	2	2	2	1	2	2	2	2	2	2	2	2	2	2	2	2	2	2	2	2	2	2	2	2	2	2	2	2	2	2	2	2	2	2	2	2	2	2	2	2	2	2	2	2	2	2	2	2	2	2	2	2	2	2	2	2	2	2	2	2	2	2	2	2	2	2	2	2	2	2	2	2	2	2	2	2	2	2	2	2	2	2	2	2	2	2	2	2	2	2	2	2	2	2	2	2	2	2	2	2	2	2	2	
THRB	2	1	1	2	2	2	2	2	2	2	2	0	2	2	1	2	2	2	2	2	2	2	0	0	2	2	2	2	2	2	1	0	2	2	2	2	2	2	2	2	2	2	2	2	2	2	2	2	2	2	0	2	2	2	2	2	1	2	1	2	1	2	0	0	0	2	2	2	0	2	2	0	2	2	2	0	2	2	2	2	2	2	2	2	2	2	0	2	2	2	2	2	0	2	2	2	2	0	2	2	0	2	2	2	1	2	2	2	2	2	2	
TRIM25	2	0	0	2	0	2	0	2	2	0	2	0	2	2	0	2	2	2	2	0	0	2	2	2	2	0	2	0	2	2	2	2	2	2	0	2	0	2	0	1	2	2	2	0	2	0	2	2	2	0	0	0	2	0	0	2	2	0	2	2	0	2	0	0	0	2	2	0	0	2	2	0	2	2	2	2	2	2	2	2	2	0	0	0	2	2	0	0	2	2	2	2	0	2	2	2	0	2	2	2	2	2	0	2	0	2	2	2	2	2	2	
USF2	2	2	1	2	2	2	2	2	2	2	2	2	2	2	2	2	2	2	2	1	2	2	2	0	2	2	2	1	2	2	2	2	2	2	2	2	2	2	2	2	2	2	2	1	2	2	2	2	2	2	1	2	2	2	2	2	2	2	2	2	2	2	0	2	2	2	2	2	2	2	2	2	2	2	2	2	2	2	2	2	2	2	2	2	2	2	2	0	2	2	2	2	0	2	2	2	0	1	2	2	2	2	2	2	2	2	2	2	2	2	2	
ZBTB48	2	2	0	2	2	2	2	2	2	2	2	2	2	2	2	2	2	2	2	2	2	2	2	2	2	2	2	2	2	2	2	2	2	2	2	2	2	2	2	1	2	2	2	2	2	2	2	2	2	2	1	2	2	2	2	2	2	2	2	2	2	2	2	2	2	2	2	2	0	2	2	2	2	2	2	2	2	2	2	2	2	2	2	2	2	2	2	2	2	2	2	2	2	2	2	2	2	2	2	2	2	2	2	2	2	2	2	2	2	2	2	
ZC3H8	2	0	1	2	2	2	0	2	2	0	2	2	2	2	2	2	2	2	2	2	2	2	0	2	2	2	2	0	2	2	2	2	2	2	2	2	0	2	1	1	2	2	2	0	2	2	2	2	2	2	0	2	2	2	0	2	2	2	2	2	2	2	0	2	2	2	2	2	0	2	2	2	2	2	2	2	2	2	2	2	2	2	2	2	2	2	2	2	2	2	2	2	0	2	2	2	0	2	2	2	2	2	2	2	2	2	2	2	2	2	2	
ZMYM3	2	1	1	2	1	2	0	2	2	1	2	1	2	2	2	2	2	1	2	1	2	2	0	2	2	2	2	2	2	2	2	0	0	2	1	2	0	2	2	2	2	2	2	1	2	2	1	2	2	2	0	2	2	2	0	2	2	2	2	2	2	2	0	2	2	2	2	2	0	2	2	1	2	2	2	2	2	2	2	2	2	2	2	2	2	2	2	2	2	2	2	2	0	2	2	2	0	1	2	2	2	2	2	2	1	2	2	2	2	2	2	
ZNF157	0	0	0	2	2	0	0	2	2	2	2	0	0	0	2	2	2	2	2	0	0	0	0	0	0	0	2	1	0	0	2	0	0	2	0	2	0	0	0	0	2	2	2	0	0	0	2	2	0	2	0	2	2	0	2	0	2	0	0	0	0	2	0	0	1	2	0	0	0	2	0	0	2	2	2	2	0	2	1	0	2	0	0	2	1	0	0	0	1	2	0	2	0	2	2	0	0	1	2	2	1	2	2	2	0	1	0	0	2	2	2	
ZNF174	0	0	0	0	0	0	0	0	0	0	0	0	0	2	0	2	0	0	0	0	0	0	0	0	0	2	0	2	2	0	0	0	0	0	0	1	0	0	0	0	0	2	2	0	0	0	0	0	0	2	0	2	0	1	0	0	0	0	0	0	0	2	2	0	0	0	0	0	0	2	0	0	2	2	2	0	0	2	0	2	2	1	2	2	2	0	0	0	0	2	2	2	0	1	0	2	0	1	0	0	0	2	2	0	0	1	0	1	0	2	2	
ZNF205	2	2	2	2	2	2	2	2	2	2	2	1	2	2	2	2	2	2	2	2	2	2	2	0	2	2	2	0	2	2	2	0	2	2	2	2	0	2	2	2	2	2	2	2	2	2	2	2	2	2	0	2	2	2	2	2	2	2	2	2	1	2	0	0	0	2	2	2	2	2	2	0	2	2	2	2	2	2	1	2	2	0	2	2	2	2	2	0	2	2	2	2	2	2	2	2	2	2	2	2	2	2	2	2	2	2	2	2	2	2	2	
ZNF211	0	3	0	0	0	0	0	0	2	0	1	0	0	0	0	0	1	0	2	0	0	0	0	0	0	2	0	0	0	0	2	0	0	2	0	0	0	0	0	0	2	2	2	0	0	0	0	0	0	0	0	0	0	0	0	0	0	0	0	0	0	2	0	0	0	0	0	0	0	1	0	0	0	2	0	0	0	2	0	0	0	0	0	0	1	0	0	0	0	0	0	2	0	0	0	2	0	0	1	2	1	2	2	0	0	1	0	1	2	2	2	
ZNF223	0	2	0	2	0	2	0	2	2	2	2	2	0	0	0	2	2	2	2	0	0	0	0	0	0	2	0	2	2	0	2	0	0	2	2	2	0	0	0	2	2	2	2	2	2	2	0	2	0	2	0	0	2	2	2	0	2	2	0	2	2	2	0	2	0	2	2	0	0	2	0	0	2	2	2	0	1	2	0	2	2	2	0	2	2	0	0	2	2	2	2	2	0	2	2	2	0	0	2	2	2	2	2	0	1	2	0	2	1	2	2	
ZNF248	0	3	0	0	1	0	0	2	2	0	1	0	0	0	2	2	2	2	2	0	0	0	0	0	0	2	0	0	0	0	0	0	0	2	0	0	0	0	0	0	2	2	2	0	2	0	0	0	0	1	0	0	0	0	0	0	0	2	0	0	0	2	0	0	0	0	0	0	0	2	0	0	0	2	2	0	0	2	0	0	1	1	0	2	1	0	1	0	0	0	2	2	0	2	1	2	0	2	2	2	2	2	2	0	0	2	0	1	0	2	2	
ZNF300	1	2	0	0	1	0	0	0	0	0	1	2	0	0	0	0	1	0	2	0	0	0	0	0	0	2	2	0	0	0	2	0	0	2	0	0	0	0	0	0	2	2	2	0	0	2	0	2	0	0	0	0	0	1	0	0	0	2	1	0	0	0	0	0	0	0	0	0	0	2	0	0	2	2	0	0	0	2	0	2	2	1	0	2	0	0	0	0	0	0	2	2	0	0	2	2	0	2	2	2	1	2	2	0	0	1	0	1	0	2	2	
ZNF311	0	2	0	0	2	0	0	2	2	0	2	2	2	0	0	2	2	2	2	0	0	0	0	0	0	2	0	0	0	0	2	0	0	0	0	0	0	0	0	0	0	2	2	0	0	0	0	0	1	0	0	0	0	0	0	0	0	0	0	0	0	2	0	0	0	0	2	0	0	2	0	0	0	2	2	0	0	2	0	0	0	1	0	2	1	0	0	0	2	2	2	2	0	0	0	0	0	0	2	0	2	2	2	0	0	2	0	2	0	2	2	
ZNF324	2	2	2	2	2	2	2	2	2	2	2	2	2	2	2	2	2	2	2	2	2	2	2	2	2	2	2	2	2	2	2	2	0	2	2	2	2	2	0	2	2	2	2	2	2	2	2	2	2	2	0	2	2	2	2	2	2	2	2	2	2	2	2	2	2	2	2	2	2	2	2	0	2	2	2	2	2	2	0	2	2	0	2	2	2	2	2	2	2	2	2	2	0	2	2	2	2	2	2	2	2	2	2	2	2	2	0	2	2	2	2	
ZNF37A	0	0	0	0	0	0	0	0	2	0	2	0	0	0	0	0	0	0	2	0	2	0	0	0	0	0	2	0	0	0	2	0	0	0	0	2	0	0	0	0	2	2	2	0	2	0	2	0	0	0	0	0	2	2	0	0	0	0	0	0	0	2	0	0	0	0	0	0	0	2	0	0	0	2	0	0	0	2	0	2	0	0	0	0	0	0	0	0	2	2	2	2	0	1	2	2	0	0	0	2	0	2	2	0	2	2	0	2	2	2	2	
ZNF423	2	2	0	2	2	2	2	0	2	2	2	2	2	2	0	2	2	0	2	2	2	0	2	0	2	2	2	2	0	2	2	2	2	2	2	2	1	0	0	0	2	2	2	2	2	2	2	2	2	2	0	2	2	2	2	2	2	2	2	2	2	2	2	2	2	2	2	2	1	2	2	0	2	2	2	2	2	2	1	2	2	2	2	2	2	0	0	2	2	2	2	2	2	2	2	2	2	2	0	2	2	2	2	2	2	2	0	2	2	2	2	
ZNF444	0	2	2	2	2	2	2	2	2	1	2	2	2	2	2	2	2	2	2	2	2	2	2	2	2	2	2	1	2	2	2	2	2	2	2	2	0	0	2	2	2	2	2	2	2	2	2	2	2	2	2	2	2	2	2	2	2	2	2	2	2	2	0	2	2	2	2	2	2	2	2	2	2	2	2	2	2	2	2	2	2	2	2	2	2	2	2	2	2	2	2	2	2	2	2	2	2	2	2	2	2	2	2	2	2	2	2	2	2	2	2	
ZNF491	0	0	0	0	0	0	0	0	2	0	1	0	0	0	0	0	0	0	2	0	0	0	0	0	0	0	0	0	0	0	0	0	0	2	0	2	0	0	0	0	0	2	2	0	0	0	0	2	0	0	0	0	0	1	0	0	0	0	0	0	0	2	0	0	0	0	0	2	0	2	0	0	0	2	0	2	0	2	0	0	0	0	0	0	0	0	0	0	2	2	2	2	1	0	2	2	0	2	0	0	0	0	2	0	0	2	0	0	0	2	2	
ZNF524	0	0	0	2	2	2	2	2	2	2	2	2	2	2	2	2	2	0	2	2	2	2	2	2	2	2	2	2	2	0	2	2	2	2	0	2	0	0	2	0	2	2	2	0	2	2	2	2	2	2	0	2	2	2	2	2	2	2	2	0	2	2	2	2	2	2	2	0	2	2	2	0	2	2	2	2	2	2	1	2	2	1	2	2	2	2	0	2	2	2	2	2	2	2	2	2	2	2	2	2	2	2	2	2	0	2	0	2	2	2	2	
ZNF580	2	2	2	2	2	2	2	2	2	2	2	0	2	2	2	2	2	2	2	2	2	2	2	2	2	2	2	2	2	2	2	2	2	2	2	2	1	2	2	2	2	2	2	2	2	2	2	2	2	2	2	2	2	2	2	2	2	2	2	2	2	2	2	2	2	2	2	2	2	2	2	2	2	2	2	2	2	2	2	2	2	2	2	2	2	2	2	2	2	2	2	2	2	2	2	2	2	2	2	2	2	2	2	2	2	2	2	2	2	2	2	
ZNF585B	0	0	0	0	2	0	0	0	2	2	2	1	0	0	0	2	2	0	0	0	0	0	0	0	0	0	2	2	2	0	2	2	2	0	0	2	0	0	1	0	0	2	0	0	2	2	2	0	0	0	1	0	1	1	2	2	0	2	0	0	2	2	2	0	0	2	2	0	2	0	0	0	2	2	2	0	0	2	0	0	2	0	2	2	2	0	1	0	2	2	2	2	0	0	0	2	0	0	0	0	0	0	2	0	0	0	0	0	0	2	2	
ZNF600	2	2	2	2	2	2	2	2	2	2	2	2	2	2	2	2	2	2	2	2	2	2	2	2	2	2	2	2	2	2	2	2	2	2	2	2	2	2	2	2	2	2	2	2	2	2	2	2	2	2	1	2	2	2	2	2	2	2	2	2	2	2	2	2	2	2	2	2	2	2	2	2	2	2	2	2	2	2	2	2	2	2	2	2	2	2	2	2	2	2	2	2	2	2	2	2	2	1	2	2	2	2	2	2	2	2	0	2	2	2	2	
ZNF621	0	1	0	0	1	0	0	2	2	0	1	0	0	0	2	2	2	2	0	0	0	0	0	0	0	0	0	0	0	0	0	0	0	2	0	0	0	0	0	0	2	1	2	0	0	0	0	2	0	2	0	0	2	0	0	0	2	2	0	0	0	2	0	0	2	0	0	0	0	2	0	0	2	2	2	0	0	2	0	0	0	1	0	2	1	0	0	0	2	2	0	2	0	0	1	0	0	1	2	0	1	2	2	0	0	1	0	1	0	2	2	
ZNF623	0	0	1	2	2	2	0	2	2	0	2	2	0	0	2	1	2	0	2	0	2	0	0	0	1	2	2	2	2	0	2	2	0	2	0	2	0	0	1	0	2	2	2	1	2	2	1	2	2	2	0	2	1	2	2	0	2	2	0	1	2	2	2	0	2	2	2	0	0	2	2	0	1	2	0	0	1	2	1	2	2	2	1	2	1	0	2	2	2	2	2	2	0	2	2	2	0	0	2	2	2	2	2	2	1	2	0	2	2	2	2	
ZNF692	2	2	2	2	2	2	2	2	2	2	2	2	2	2	2	2	2	2	2	2	2	2	2	2	2	2	2	2	2	2	2	2	2	2	2	2	2	2	2	2	2	2	2	2	2	2	2	2	2	2	2	2	2	2	2	2	2	2	2	2	2	2	2	2	2	2	2	2	2	2	2	2	2	2	2	2	2	2	2	2	2	2	2	2	2	2	2	2	2	2	2	2	2	2	2	2	2	2	2	2	2	2	2	2	2	2	2	2	2	2	2	
ZNF7	2	0	0	2	0	2	2	0	2	2	2	0	0	0	0	2	2	2	2	1	2	1	0	1	2	2	2	1	2	0	2	2	0	0	1	2	0	2	0	0	2	2	2	0	1	2	2	2	2	0	0	0	0	2	1	2	0	2	0	2	1	0	0	2	0	0	2	0	2	2	2	2	2	2	2	0	1	2	1	2	2	1	2	0	2	2	0	2	2	2	2	0	0	2	2	2	0	1	2	0	2	2	2	2	0	2	2	2	2	2	2	
ZNF701	0	2	0	0	0	0	0	0	2	0	2	0	0	2	2	2	1	0	2	0	0	0	0	2	0	0	0	1	2	0	2	0	0	2	1	2	0	0	0	0	2	2	2	0	1	0	1	2	0	1	0	2	2	0	2	0	0	2	0	0	0	2	0	0	0	2	0	0	0	2	0	0	1	2	2	2	0	2	0	0	0	0	0	2	2	0	0	2	2	2	2	2	0	0	2	2	0	1	0	2	0	2	2	2	0	1	0	1	0	2	2	
ZNF747	0	0	0	0	2	0	0	0	2	0	1	0	0	2	0	2	0	0	2	0	0	0	0	0	0	0	0	0	0	0	2	0	0	2	0	2	0	0	0	0	2	2	2	0	2	0	0	0	0	2	0	0	0	0	0	0	2	0	0	0	0	2	0	0	0	0	0	0	0	2	0	0	0	2	0	0	0	2	2	0	0	0	0	2	0	0	0	0	0	0	2	2	0	2	1	2	0	1	2	2	1	2	2	0	0	1	0	1	0	2	2	
ZNF776	0	0	0	0	0	0	0	2	2	0	2	0	0	0	0	2	2	2	0	0	0	0	0	0	0	2	0	2	0	0	2	0	0	2	0	2	0	0	0	0	2	2	2	0	0	0	0	2	0	2	0	0	2	0	2	0	0	0	0	0	0	0	0	0	0	1	0	0	0	1	0	0	0	2	2	0	0	2	0	0	2	0	0	2	1	0	0	0	2	0	0	2	0	0	2	0	0	2	0	0	0	0	0	0	0	2	0	0	2	2	0	