pathway	all_cluster	TGcluster1	TGcluster2	TGcluster3	TGcluster4	TGcluster5	TGcluster6	TGcluster7
hsa00010	6	0	4	0	1	0	0	1
hsa00040	3	0	1	0	1	0	1	0
hsa00051	1	0	0	0	1	0	0	0
hsa00052	1	0	0	0	1	0	0	0
hsa00053	6	0	4	0	0	0	1	1
hsa00061	8	0	1	1	3	1	0	2
hsa00062	5	0	2	1	1	0	1	0
hsa00071	13	0	4	0	3	1	1	4
hsa00100	10	0	6	0	1	0	2	1
hsa00120	4	0	0	1	1	0	1	1
hsa00140	12	0	1	3	1	1	3	3
hsa00220	1	0	1	0	0	0	0	0
hsa00232	1	0	0	0	0	0	1	0
hsa00250	1	0	1	0	0	0	0	0
hsa00270	1	0	1	0	0	0	0	0
hsa00280	7	0	3	0	1	1	1	1
hsa00310	8	0	3	2	1	0	1	1
hsa00330	4	0	3	0	0	0	0	1
hsa00340	4	0	3	0	0	0	0	1
hsa00350	3	0	0	1	1	1	0	0
hsa00380	8	0	4	0	1	0	2	1
hsa00410	5	0	3	0	1	0	0	1
hsa00440	2	0	1	0	1	0	0	0
hsa00480	1	0	0	1	0	0	0	0
hsa00510	1	1	0	0	0	0	0	0
hsa00511	3	0	2	0	0	0	1	0
hsa00561	18	1	6	4	3	3	0	1
hsa00564	29	1	5	8	5	3	5	2
hsa00565	8	1	3	2	0	1	0	1
hsa00590	11	0	2	3	0	0	1	5
hsa00591	3	0	1	1	0	0	1	0
hsa00592	2	0	1	1	0	0	0	0
hsa00600	17	2	7	0	5	1	1	1
hsa00620	7	0	4	1	1	0	0	1
hsa00640	2	0	0	1	1	0	0	0
hsa00650	3	0	0	0	1	0	2	0
hsa00770	2	0	2	0	0	0	0	0
hsa00780	1	0	0	0	1	0	0	0
hsa00790	2	0	0	0	1	0	0	1
hsa00830	4	0	0	0	1	0	2	1
hsa00860	1	0	0	0	0	0	1	0
hsa00910	1	0	1	0	0	0	0	0
hsa00980	6	0	1	0	1	0	2	2
hsa00982	4	0	0	0	1	0	2	1
hsa00983	1	0	0	0	0	0	1	0
hsa01040	4	1	3	0	0	0	0	0
hsa01100	97	4	30	15	17	8	10	13
hsa01200	2	0	1	0	1	0	0	0
hsa01212	16	1	3	2	4	2	1	3
hsa01230	1	0	1	0	0	0	0	0
hsa01240	5	0	3	0	1	0	1	0
hsa01522	3	0	0	1	0	1	1	0
hsa01524	1	0	0	1	0	0	0	0
hsa03015	1	0	0	0	1	0	0	0
hsa03022	1	0	0	0	0	1	0	0
hsa03030	2	0	0	1	0	0	0	1
hsa03040	1	0	0	0	1	0	0	0
hsa03320	8	1	1	1	2	0	0	3
hsa03440	2	0	0	2	0	0	0	0
hsa03460	2	0	0	2	0	0	0	0
hsa04010	5	0	0	1	1	1	1	1
hsa04012	3	0	0	0	1	1	1	0
hsa04014	5	0	1	2	0	0	1	1
hsa04020	1	1	0	0	0	0	0	0
hsa04024	3	0	0	2	0	1	0	0
hsa04070	3	0	1	1	0	1	0	0
hsa04071	9	1	2	1	4	0	0	1
hsa04072	7	2	1	3	0	1	0	0
hsa04080	1	0	1	0	0	0	0	0
hsa04110	4	0	1	1	1	0	0	1
hsa04120	1	0	0	1	0	0	0	0
hsa04137	3	0	0	0	0	1	1	1
hsa04142	6	0	3	1	1	0	1	0
hsa04144	2	0	1	1	0	0	0	0
hsa04146	3	0	1	0	0	0	1	1
hsa04150	2	0	0	1	1	0	0	0
hsa04151	3	0	0	1	1	0	0	1
hsa04152	4	1	0	1	1	0	0	1
hsa04210	3	0	0	1	0	1	0	1
hsa04211	2	0	0	1	0	0	0	1
hsa04213	1	0	1	0	0	0	0	0
hsa04216	2	0	1	0	0	0	0	1
hsa04217	1	0	0	0	1	0	0	0
hsa04218	3	0	0	0	1	0	0	2
hsa04270	2	0	1	1	0	0	0	0
hsa04310	5	0	1	2	1	1	0	0
hsa04330	4	0	1	1	0	0	1	1
hsa04350	4	0	1	1	1	0	1	0
hsa04370	2	1	0	0	0	0	0	1
hsa04371	2	1	0	0	0	0	1	0
hsa04380	5	1	1	1	1	1	0	0
hsa04390	7	1	1	3	1	0	0	1
hsa04392	4	1	1	1	0	0	0	1
hsa04510	2	0	0	0	0	1	1	0
hsa04520	2	0	0	2	0	0	0	0
hsa04530	2	0	0	0	0	1	0	1
hsa04550	8	0	2	3	2	0	0	1
hsa04612	1	0	0	0	1	0	0	0
hsa04613	1	0	1	0	0	0	0	0
hsa04620	3	0	0	1	1	1	0	0
hsa04621	2	0	0	0	1	1	0	0
hsa04622	1	0	0	0	1	0	0	0
hsa04623	1	0	0	0	1	0	0	0
hsa04625	3	0	1	0	0	1	0	1
hsa04630	1	0	0	0	1	0	0	0
hsa04657	4	0	1	1	0	1	0	1
hsa04658	4	0	0	2	0	1	1	0
hsa04659	6	0	1	3	0	1	0	1
hsa04660	2	0	0	1	0	1	0	0
hsa04662	2	0	0	1	0	1	0	0
hsa04666	4	2	0	2	0	0	0	0
hsa04668	5	0	0	1	1	1	0	2
hsa04713	1	0	0	1	0	0	0	0
hsa04714	7	0	1	1	3	0	0	2
hsa04722	4	0	0	0	1	2	0	1
hsa04724	1	0	0	1	0	0	0	0
hsa04725	3	0	0	2	0	0	0	1
hsa04726	3	0	0	0	0	0	1	2
hsa04728	4	0	0	2	0	1	0	1
hsa04750	1	0	0	1	0	0	0	0
hsa04910	2	0	0	1	0	0	1	0
hsa04912	5	0	0	1	0	1	2	1
hsa04913	5	0	1	0	0	0	1	3
hsa04915	4	0	0	1	0	1	1	1
hsa04916	2	0	0	2	0	0	0	0
hsa04917	1	0	0	1	0	0	0	0
hsa04918	3	0	0	2	0	0	0	1
hsa04919	4	0	1	1	1	0	0	1
hsa04920	6	0	1	1	1	0	0	3
hsa04921	4	0	0	1	0	1	1	1
hsa04922	4	0	0	1	1	0	0	2
hsa04923	2	0	0	1	0	0	0	1
hsa04926	3	0	0	1	0	1	0	1
hsa04927	2	0	0	0	0	0	1	1
hsa04928	8	0	0	4	0	0	2	2
hsa04931	4	0	0	0	2	1	0	1
hsa04932	4	0	0	1	0	2	0	1
hsa04933	2	0	0	0	0	1	1	0
hsa04934	5	0	1	2	0	0	1	1
hsa04935	3	0	0	1	1	0	0	1
hsa04936	14	1	3	4	4	0	0	2
hsa04950	2	0	0	1	0	0	0	1
hsa04960	1	0	0	1	0	0	0	0
hsa04972	1	0	1	0	0	0	0	0
hsa04975	3	1	1	1	0	0	0	0
hsa04976	2	0	0	0	1	0	1	0
hsa04979	3	0	0	0	1	1	0	1
hsa05014	3	0	0	1	1	0	0	1
hsa05016	4	0	1	2	0	0	1	0
hsa05017	2	0	0	0	0	0	2	0
hsa05020	2	0	0	0	0	0	1	1
hsa05022	4	0	0	1	1	0	0	2
hsa05030	2	0	0	0	0	1	0	1
hsa05031	4	0	1	1	0	1	0	1
hsa05034	2	0	1	0	0	0	0	1
hsa05120	1	0	0	0	0	1	0	0
hsa05130	2	0	0	1	0	1	0	0
hsa05131	2	0	0	0	1	1	0	0
hsa05132	5	0	0	3	1	1	0	0
hsa05133	3	0	0	1	1	1	0	0
hsa05135	3	0	0	1	1	1	0	0
hsa05140	4	0	0	1	0	1	1	1
hsa05142	2	0	0	1	0	1	0	0
hsa05152	3	1	0	0	1	0	0	1
hsa05160	2	0	0	0	2	0	0	0
hsa05161	7	0	1	1	2	1	1	1
hsa05162	3	0	0	1	1	1	0	0
hsa05163	6	0	0	0	2	0	2	2
hsa05164	1	0	0	0	1	0	0	0
hsa05165	6	0	1	2	1	0	1	1
hsa05166	11	0	2	1	1	2	2	3
hsa05167	8	0	0	3	2	2	0	1
hsa05168	12	0	0	1	4	1	3	3
hsa05169	6	0	1	1	2	1	1	0
hsa05170	3	0	0	1	1	1	0	0
hsa05171	3	0	0	1	1	1	0	0
hsa05200	15	0	1	7	1	1	2	3
hsa05202	17	0	3	3	4	0	1	6
hsa05203	7	0	2	0	1	1	1	2
hsa05204	6	0	1	1	0	0	2	2
hsa05205	4	0	1	0	2	0	1	0
hsa05206	8	0	3	1	1	0	0	3
hsa05207	12	0	3	2	1	1	2	3
hsa05208	9	0	3	3	0	1	1	1
hsa05210	5	0	0	3	1	1	0	0
hsa05211	2	0	0	0	0	1	0	1
hsa05212	1	0	0	1	0	0	0	0
hsa05213	4	0	0	2	1	0	1	0
hsa05215	3	0	0	2	0	0	0	1
hsa05216	5	0	0	4	1	0	0	0
hsa05217	2	0	0	2	0	0	0	0
hsa05219	1	0	0	0	1	0	0	0
hsa05220	3	0	1	0	1	0	0	1
hsa05221	4	0	0	2	1	0	0	1
hsa05222	3	0	0	1	1	0	0	1
hsa05223	1	0	0	1	0	0	0	0
hsa05224	8	0	0	5	1	1	1	0
hsa05225	5	0	0	2	2	0	1	0
hsa05226	4	0	0	3	1	0	0	0
hsa05230	1	0	0	0	1	0	0	0
hsa05231	11	1	2	3	2	2	1	0
hsa05235	2	0	0	1	0	1	0	0
hsa05321	2	0	0	1	0	1	0	0
hsa05323	2	0	0	1	0	1	0	0
hsa05340	1	0	0	0	1	0	0	0
hsa05412	2	0	0	2	0	0	0	0
hsa05415	2	0	0	0	1	0	1	0
hsa05417	5	0	0	2	1	1	0	1
hsa05418	2	0	0	1	0	1	0	0
Total	951	29	188	220	164	91	101	158